0.000532389
0.000447512
0.000415087
0.000377655
0.000419140
0.000404358
0.000380516
0.000399828
0.000433683
0.000431061
0.000406265
0.000363111
0.000453472
0.000413179
0.000359297
0.000464916
0.000408173
0.000489950
0.000245094
0.000377178
0.000377417
0.000412226
0.000428677
0.000379562
0.000354767
0.000377893
0.000420809
0.000423193
0.000390291
0.000420332
0.000433445
0.000373363
0.000416517
0.000439167
0.000361681
0.000405788
0.000424385
0.000413895
0.000392914
0.000436783
0.000441313
0.000428677
0.000441313
0.000436783
0.000366211
0.000466824
0.000489712
0.000412941
0.000431061
0.000419617
0.000380993
0.000427485
0.000435829
0.000419855
0.000347614
0.000372171
0.000405788
0.000401258
0.000354052
0.000522375
0.000465155
0.000405312
0.000468493
0.000426054
0.000365019
0.000385523
0.000432253
0.000402927
0.000407696
0.000416040
0.000432491
0.000409365
0.000416756
0.000366926
0.000366688
0.000387430
0.000441790
0.000391483
0.000444174
0.000423670
0.000379324
0.000440121
0.000416517
0.000447512
0.000373363
0.000468493
0.000425577
0.000426292
0.000345230
0.000411272
0.000436306
0.000478745
0.000437737
0.000433922
0.000432968
0.000378609
0.000419855
0.000428438
0.000408173
0.000397444
0.000443935
0.000417233
0.000408888
0.000397205
0.000382423
0.000332117
0.000514746
0.000381708
0.000451326
0.000439644
0.000433922
0.000528336
0.000405312
0.000403166
0.000361204
0.000398636
0.000518322
0.000513315
0.000310183
0.000443935
