0.008213520
0.004837990
0.004908562
0.005496979
0.005496264
0.005577803
0.005508423
0.004566669
0.005512476
0.005290747
0.005223036
0.005506754
0.005481243
0.005521774
0.005858183
0.005560398
0.005479336
0.005226851
0.005412817
0.005490541
0.005658627
0.005048752
0.005555868
0.005512238
0.005517006
0.005652189
0.005228043
0.005487442
0.004936695
0.005255222
0.003791094
0.003824949
0.005506039
0.005513430
0.005410910
0.005273581
0.005253077
0.005492210
0.005578041
0.005988359
0.004555225
0.004769564
0.005514383
0.005488634
0.005558014
0.005562067
0.005455732
0.005239010
0.005485058
0.005530119
0.005559683
0.004560947
0.005057573
0.004921198
0.005543709
0.005326748
0.004795790
0.005992651
0.005572319
0.005491018
0.005167007
0.005386829
0.005954742
0.004865408
0.005338192
0.004672766
0.004724979
0.005501270
0.005899429
0.005063534
0.005124092
0.004894495
0.005088329
0.003947258
0.004378080
0.004633188
0.005474329
0.005659819
0.005528212
0.005924940
0.005953789
0.004853725
0.005954981
0.006375551
0.005696774
0.005630016
0.005570889
0.006015301
0.005862713
0.005918026
0.004829645
0.005091190
0.005988836
0.004872561
0.005440950
0.005320549
0.005162001
0.006103039
0.005467653
0.005341053
0.004941463
0.004911900
0.006050825
0.005693674
0.005478621
0.005802155
0.005501270
0.005973577
0.005293369
0.005805969
0.005620241
0.005805254
0.006111145
0.005393505
0.005323648
0.005349874
0.005022526
0.005312204
0.004710674
0.004950047
