0.000368595
0.000351906
0.000304222
0.000317574
0.000347376
0.000366449
0.000345469
0.000364304
0.000332355
0.000208139
0.000190973
0.000287294
0.000256062
0.000330448
0.000358105
0.000346184
0.000317574
0.000352383
0.000300407
0.000298738
0.000301361
0.000298500
0.000261307
0.000476837
0.000296831
0.000299454
0.000355721
0.000340939
0.000350237
0.000311852
0.000354052
0.000355482
0.000319242
0.000314951
0.000347614
0.000264406
0.000339746
0.000378370
0.000397444
0.000357628
0.000419617
0.000342369
0.000323296
0.000347614
0.000354528
0.000360727
0.000377893
0.000406027
0.000309229
0.000367165
0.000343084
0.000353813
0.000304461
0.000331879
0.000416756
0.000405788
0.000333786
0.000352859
0.000395298
0.000351191
0.000351667
0.000348330
0.000275612
0.000258923
0.000332355
0.000334024
0.000276566
0.000377178
0.000455379
0.000357389
0.000376225
0.000362873
0.000302076
0.000372887
0.000380993
0.000372410
0.000409126
0.000389814
0.000382423
0.000356197
0.000379801
0.000351429
0.000261068
0.000316858
0.000353813
0.000383854
0.000354528
0.000350714
0.000370502
0.000352383
0.000323772
0.000355482
0.000315189
0.000323057
0.000350952
0.000329018
0.000215530
0.000352383
0.000357628
0.000352859
0.000374556
0.000357866
0.000309229
0.000334740
0.000354052
0.000303984
0.000394821
0.000393867
0.000351667
0.000353575
0.000363827
0.000352621
0.000347376
0.000334024
0.000352621
0.000399351
0.000433922
0.000455618
0.000354052
0.000315905
