0.004055023
0.003004551
0.002836704
0.002466679
0.002830982
0.002873898
0.002827644
0.002850771
0.003157377
0.002817631
0.002815723
0.002788305
0.002783298
0.002814293
0.002885342
0.002828836
0.002824783
0.002824068
0.003043175
0.002868414
0.002814054
0.002819538
0.002843380
0.002852917
0.002865791
0.002522707
0.002844095
0.002824545
0.002822638
0.002846718
0.002823591
0.002830029
0.002818823
0.002835751
0.002864122
0.002568483
0.002818584
0.002835274
0.002838612
0.002856255
0.002604485
0.002414227
0.002839088
0.002815485
0.002863407
0.002963305
0.002818823
0.002815008
0.002818823
0.002865314
0.001891375
0.002762556
0.002865076
0.002846479
0.002867222
0.002794981
0.002786160
0.002800465
0.002757788
0.002874851
0.002837896
0.002816200
0.002810240
0.002640724
0.002903461
0.001998186
0.002794027
0.002814293
0.002821207
0.002978325
0.001810551
0.002864361
0.002855062
0.002849340
0.003092051
0.002849817
0.002323627
0.002833843
0.002842188
0.002897263
0.002864361
0.002845764
0.002841234
0.002851725
0.002880335
0.002810001
0.002504826
0.002823114
0.002825499
0.002887249
0.002829790
0.002389193
0.002799034
0.002846003
0.002881765
0.002843618
0.002360582
0.002861738
0.002836227
0.002884626
0.002631426
0.002271175
0.002902031
0.002988815
0.002532482
0.002819061
0.002873898
0.003008127
0.002712011
0.002950191
0.002848148
0.002942562
0.003050089
0.002455950
0.002771139
0.002846003
0.002792597
0.003005743
0.003017426
0.003101349
