0.000368118
0.000413418
0.000341177
0.000374079
0.000341177
0.000349998
0.000358343
0.000346661
0.000303268
0.000372410
0.000388145
0.000355721
0.000355482
0.000363111
0.000343084
0.000349283
0.000386238
0.000356197
0.000351191
0.000434875
0.000385046
0.000350237
0.000349998
0.000311375
0.000357151
0.000365973
0.000348806
0.000346184
0.000393867
0.000354528
0.000368834
0.000351906
0.000369549
0.000364065
0.000375986
0.000403404
0.000359297
0.000350237
0.000322819
0.000353813
0.000426769
0.000322342
0.000362873
0.000358582
0.000361919
0.000398636
0.000373602
0.000390768
0.000396490
0.000369072
0.000389099
0.000346899
0.000380754
0.000321865
0.000361681
0.000355721
0.000368834
0.000448704
0.000359297
0.000368834
0.000360012
0.000227451
0.000356197
0.000361204
0.000470638
0.000361681
0.000438690
0.000412703
0.000378609
0.000235081
0.000452518
0.000355005
0.000370502
0.000374794
0.000347137
0.000381708
0.000294209
0.000355244
0.000294447
0.000384808
0.000343561
0.000306368
0.000293970
0.000349998
0.000310421
0.000381708
0.000343800
0.000354052
0.000316381
0.000356674
0.000359297
0.000291824
0.000318289
0.000330448
0.000310183
0.000351191
0.000344992
0.000346899
0.000289202
0.000329256
0.000333786
0.000298977
0.000336885
0.000322819
0.000343800
0.000333548
0.000474215
0.000410080
0.000349522
0.000352859
0.000366211
0.000303268
0.000307798
0.000362635
0.000350475
0.000333786
0.000343561
0.000349522
0.000304699
0.000349522
