0.000509024
0.000304222
0.000388145
0.000352144
0.000357866
0.000367403
0.000360966
0.000316620
0.000385523
0.000346422
0.000354528
0.000343084
0.000355959
0.000389099
0.000444651
0.000350237
0.000377893
0.000358820
0.000350475
0.000347376
0.000363350
0.000320673
0.000363588
0.000448227
0.000407457
0.000397205
0.000354528
0.000359535
0.000347376
0.000361204
0.000304222
0.000403881
0.000387192
0.000344992
0.000363827
0.000348568
0.000445604
0.000354290
0.000350237
0.000354290
0.000292778
0.000310898
0.000374317
0.000314951
0.000355244
0.000379324
0.000350714
0.000361443
0.000331879
0.000350952
0.000353336
0.000351906
0.000365734
0.000348806
0.000356436
0.000351906
0.000347376
0.000387430
0.000342369
0.000341654
0.000331163
0.000348091
0.000358820
0.000301838
0.000345707
0.000393152
0.000374317
0.000379801
0.000344992
0.000353575
0.000362635
0.000406504
0.000378847
0.000346661
0.000366449
0.000402451
0.000394344
0.000384331
0.000391006
0.000372887
0.000367403
0.000373363
0.000362396
0.000362396
0.000365734
0.000414848
0.000378847
0.000384331
0.000396013
0.000370979
0.000368834
0.000399351
0.000391960
0.000367403
0.000364780
0.000409842
0.000376463
0.000352621
0.000387907
0.000356197
0.000371933
0.000405073
0.000365973
0.000465631
0.000375032
0.000362158
0.000372648
0.000367165
0.000417471
0.000370026
0.000377178
0.000366926
0.000356674
0.000348091
0.000349998
0.000402451
0.000364065
0.000378370
0.000442028
0.000367641
