0.000432968
0.000378132
0.000353575
0.000384092
0.000392675
0.000325918
0.000334740
0.000333786
0.000381708
0.000394106
0.000395060
0.000373125
0.000293970
0.000387669
0.000309229
0.000367641
0.000328779
0.000230551
0.000355959
0.000305414
0.000351667
0.000361204
0.000272751
0.000417948
0.000356197
0.000315189
0.000358582
0.000377178
0.000387669
0.000355721
0.000358343
0.000361681
0.000365257
0.000386715
0.000413418
0.000354052
0.000347137
0.000387669
0.000416517
0.000293016
0.000342369
0.000355959
0.000207663
0.000403643
0.000401258
0.000374556
0.000403404
0.000295162
0.000394583
0.000395775
0.000399351
0.000359535
0.000314951
0.000359297
0.000365973
0.000391960
0.000366926
0.000466347
0.000337839
0.000325441
0.000400066
0.000333071
0.000306845
0.000354290
0.000371218
0.000434160
0.000317812
0.000356674
0.000372887
0.000359297
0.000409842
0.000350714
0.000315905
0.000365973
0.000358582
0.000395536
0.000370741
0.000353336
0.000374317
0.000316381
0.000392914
0.000372887
0.000316143
0.000304222
0.000375509
0.000320196
0.000303268
0.000382185
0.000387669
0.000358105
0.000372648
0.000366211
0.000299931
0.000345469
0.000364542
0.000336647
0.000365734
0.000376463
0.000349283
0.000298023
0.000432730
0.000401020
0.000298738
0.000322104
0.000357389
0.000361443
0.000378609
0.000355005
0.000370264
0.000355721
0.000358820
0.000376701
0.000295162
0.000321388
0.000361681
0.000415564
0.000336885
0.000421286
0.000406027
0.000354528
