0.000396967
0.000397682
0.000391960
0.000379324
0.000381470
0.000329018
0.000383377
0.000387430
0.000388622
0.000414848
0.000283957
0.000401497
0.000403643
0.000383377
0.000381231
0.000349045
0.000396013
0.000390530
0.000353813
0.000384808
0.000370502
0.000484467
0.000384092
0.000400305
0.000390291
0.000398397
0.000388861
0.000478268
0.000407696
0.000391960
0.000389099
0.000392675
0.000415802
0.000416040
0.000412703
0.000354767
0.000398397
0.000382423
0.000361443
0.000406027
0.000407457
0.000416756
0.000394344
0.000383854
0.000353575
0.000397444
0.000438690
0.000455379
0.000399113
0.000401735
0.000410318
0.000395775
0.000385761
0.000391006
0.000412464
0.000397921
0.000410080
0.000437737
0.000330687
0.000417948
0.000379801
0.000411034
0.000394344
0.000411034
0.000401974
0.000348568
0.000394106
0.000439405
0.000353813
0.000447273
0.000377417
0.000397921
0.000391483
0.000393152
0.000428915
0.000399113
0.000432253
0.000407457
0.000376225
0.000500441
0.000376463
0.000398874
0.000403881
0.000353813
0.000430822
0.000334978
0.000369072
0.000396490
0.000319719
0.000277281
0.000324011
0.000414610
0.000339746
0.000389099
0.000304699
0.000399113
0.000357866
0.000340223
0.000411034
0.000411510
0.000382662
0.000378132
0.000340700
0.000357628
0.000348806
0.000350237
0.000388145
0.000395536
0.000362396
0.000450373
0.000399351
0.000391006
0.000395298
0.000389814
0.000406742
0.000409126
0.000402451
0.000388145
0.000408173
0.000417471
