0.000781298
0.000566244
0.000646114
0.000607252
0.000613213
0.000571251
0.000567436
0.000619650
0.000624895
0.000638008
0.000531197
0.000542402
0.000651360
0.000624180
0.000617266
0.000632048
0.000538349
0.000619173
0.000623226
0.000631094
0.000552893
0.000554562
0.000641584
0.000622511
0.000632763
0.000633717
0.000554562
0.000641346
0.000628233
0.000637293
0.000639200
0.000552177
0.000601530
0.000639439
0.000626564
0.000577211
0.000637054
0.000617266
0.000609636
0.000624180
0.000553131
0.000534534
0.000618696
0.000639200
0.000615835
0.000629663
0.000629663
0.000615597
0.000659704
0.000653267
0.000630856
0.000539303
0.000592709
0.000608444
0.000651360
0.000590086
0.000622511
0.000636578
0.000641584
0.000622272
0.000630856
0.000673056
0.000638485
0.000648975
0.000615835
0.000628233
0.000591278
0.000610113
0.000607252
0.000582218
0.000631094
0.000629187
0.000584364
0.000612974
0.000636101
0.000584841
0.000638485
0.000639915
0.000631809
0.000561476
0.000629187
0.000628710
0.000642061
0.000623226
0.000667334
0.000584126
0.000615835
0.000633478
0.000630140
0.000645399
0.000628471
0.000622034
0.000591755
0.000630379
0.000653982
0.000544310
0.000597954
0.000621080
0.000612259
0.000440359
0.000606537
0.000615597
0.000623941
0.000605345
0.000602245
0.000587702
0.000559330
0.000614882
0.000626802
0.000454664
0.000629902
0.000578880
0.000581026
0.000616074
0.000607967
0.000582457
0.000604868
0.000658512
0.000637054
0.000591278
