0.000705004
0.000817776
0.000913858
0.001013756
0.000941753
0.000829458
0.000866175
0.000884056
0.000921965
0.000926971
0.000696898
0.000916004
0.000912428
0.000924826
0.000949621
0.000906229
0.000886679
0.000881433
0.000912905
0.000957489
0.000806093
0.000914097
0.000917196
0.000803232
0.001000166
0.000941277
0.000886917
0.000883818
0.000920057
0.000951290
0.000567913
0.000917673
0.000908613
0.000829935
0.000917435
0.000914335
0.000883579
0.000881672
0.000942707
0.000922680
0.000919104
0.000917673
0.000901937
0.000898838
0.000932932
0.000772715
0.000897884
0.000899076
0.000915289
0.000917673
0.000777721
0.000920057
0.000916958
0.000912189
0.000948191
0.000865221
0.000913143
0.000885010
0.000928164
0.000918388
0.000584364
0.000908375
0.000917673
0.000787973
0.000936508
0.000916243
0.000921249
0.000913382
0.000915289
0.000931501
0.000910997
0.000843763
0.000921965
0.000818729
0.000928640
0.000915527
0.000849962
0.000927925
0.000920773
0.000922441
0.000929832
0.000852585
0.000922680
0.000909567
0.000929117
0.000906706
0.000916481
0.000914335
0.000921249
0.000945568
0.000954151
0.000936747
0.000988483
0.000807047
0.000920057
0.000925541
0.000931501
0.000971079
0.000914097
0.000918388
0.000919342
0.000852346
0.000923395
0.000731230
0.000931740
0.000933647
0.000910282
0.000923634
0.000919819
0.000903606
0.000928879
0.000911951
0.000934124
0.000808239
0.000909805
0.000897408
0.000914812
0.000844717
0.000922918
0.000928164
