0.000354767
0.000389814
0.000386477
0.000357389
0.000329971
0.000368357
0.000271797
0.000332832
0.000355721
0.000350475
0.000344038
0.000353813
0.000373363
0.000354767
0.000320196
0.000361681
0.000408888
0.000437975
0.000359535
0.000356674
0.000360727
0.000359058
0.000362158
0.000361681
0.000357151
0.000365019
0.000396490
0.000355244
0.000330448
0.000357628
0.000327110
0.000328541
0.000357389
0.000467539
0.000478506
0.000418186
0.000377178
0.000384092
0.000447512
0.000461578
0.000468016
0.000334978
0.000354528
0.000323296
0.000347853
0.000345230
0.000426531
0.000342369
0.000312090
0.000358582
0.000359058
0.000356197
0.000351429
0.000325441
0.000321865
0.000337362
0.000352859
0.000349760
0.000286579
0.000356436
0.000333071
0.000351906
0.000327110
0.000285149
0.000408173
0.000354052
0.000455379
0.000325680
0.000371695
0.000419855
0.000360250
0.000350475
0.000351906
0.000361443
0.000362158
0.000354290
0.000363588
0.000455618
0.000375748
0.000409842
0.000354290
0.000333309
0.000332594
0.000292301
0.000411272
0.000357628
0.000331402
0.000356674
0.000353336
0.000398874
0.000360727
0.000330925
0.000354290
0.000302076
0.000394821
0.000356674
0.000385761
0.000396490
0.000357389
0.000455618
0.000357866
0.000392914
0.000359058
0.000329018
0.000359058
0.000364304
0.000370264
0.000370026
0.000365734
0.000392199
0.000342607
0.000340700
0.000364065
0.000335932
0.000371218
0.000337124
0.000374079
0.000361204
0.000371218
0.000346422
