0.000488281
0.000529289
0.000450850
0.000504017
0.000510216
0.000463724
0.000473261
0.000508785
0.000535727
0.000469446
0.000499725
0.000509501
0.000472784
0.000599623
0.000492334
0.000491858
0.000469208
0.000531197
0.000561953
0.000377417
0.000552416
0.000565052
0.000542402
0.000573397
0.000551939
0.000524998
0.000534296
0.000519276
0.000628233
0.000458241
0.000483036
0.000484705
0.000526905
0.000536680
0.000545502
0.000533581
0.000521183
0.000519753
0.000547647
0.000525475
0.000477552
0.000562906
0.000555277
0.000578880
0.000475883
0.000462055
0.000483513
0.000495195
0.000540733
0.000359535
0.000496387
0.000492096
0.000490665
0.000511169
0.000511646
0.000494719
0.000527620
0.000509977
0.000524282
0.000502348
0.000509501
0.000512123
0.000517368
0.000507593
0.000513315
0.000496864
0.000459909
0.000473261
0.000505447
0.000509739
0.000552177
0.000402927
0.000491619
0.000508070
0.000511408
0.000504971
0.000465631
0.000522137
0.000499964
0.000534296
0.000495911
0.000508308
0.000509024
0.000506639
0.000510693
0.000484943
0.000441551
0.000493288
0.000510454
0.000506401
0.000501156
0.000484228
0.000504255
0.000491858
0.000536442
0.000488758
0.000509739
0.000510216
0.000505686
0.000474691
0.000538826
0.000473022
0.000431299
0.000507116
0.000527859
0.000508785
0.000498056
0.000515223
0.000514269
0.000488758
0.000478268
0.000533104
0.000475883
0.000534534
0.000528097
0.000464201
0.000497341
0.000517607
0.000522137
0.000534058
