0.000407934
0.000353813
0.000390053
0.000341415
0.000325680
0.000370026
0.000365734
0.000384331
0.000482082
0.000469685
0.000340462
0.000380754
0.000396729
0.000323534
0.000331402
0.000387907
0.000386238
0.000324011
0.000444889
0.000363827
0.000368834
0.000309944
0.000377417
0.000329733
0.000330448
0.000368118
0.000273466
0.000288963
0.000293493
0.000294685
0.000286102
0.000246525
0.000309229
0.000325680
0.000331879
0.000364304
0.000380516
0.000368357
0.000362873
0.000365734
0.000352859
0.000412226
0.000388145
0.000328302
0.000328064
0.000367403
0.000388861
0.000301361
0.000477076
0.000367403
0.000352144
0.000392199
0.000371933
0.000324011
0.000329733
0.000387192
0.000409365
0.000418425
0.000367880
0.000377417
0.000379324
0.000412941
0.000483274
0.000330687
0.000336409
0.000467300
0.000373602
0.000365734
0.000378609
0.000387907
0.000368357
0.000376463
0.000368834
0.000357151
0.000330448
0.000365496
0.000377178
0.000333786
0.000375271
0.000383377
0.000368834
0.000376225
0.000372410
0.000363350
0.000338793
0.000371695
0.000377655
0.000416517
0.000365257
0.000366688
0.000365973
0.000370026
0.000370741
0.000394106
0.000333309
0.000372887
0.000382185
0.000358343
0.000350237
0.000370502
0.000428438
0.000403404
0.000370979
0.000365973
0.000372648
0.000338078
0.000433922
0.000292540
0.000360489
0.000336885
0.000396013
0.000385046
0.000366688
0.000372171
0.000323772
0.000370502
0.000430107
0.000400543
0.000389576
0.000363827
