0.002125740
0.001854658
0.001586676
0.001597643
0.001567364
0.001585007
0.001561165
0.001557827
0.001654148
0.001559734
0.001598120
0.001457691
0.001545429
0.001532793
0.001556873
0.001556873
0.001549244
0.001563311
0.001553297
0.001558542
0.001582384
0.001199484
0.001424313
0.001560211
0.001290321
0.001565695
0.001441240
0.001552820
0.001580000
0.001569510
0.001583815
0.001060247
0.001208782
0.001522779
0.001305819
0.001614332
0.001431227
0.001433849
0.001404285
0.001437187
0.001623869
0.001576662
0.001271009
0.001552582
0.001259327
0.001574993
0.001530409
0.001549959
0.001569748
0.001470804
0.001016140
0.001505136
0.001558781
0.001569510
0.001327753
0.001641512
0.001439095
0.001541138
0.001569748
0.001569748
0.001123428
0.001316547
0.001408100
0.001553297
0.001221180
0.001283407
0.001553535
0.001415014
0.001562119
0.001543999
0.001568079
0.001562595
0.001428127
0.001622438
0.001592159
0.001244783
0.001261473
0.001421452
0.001554728
0.001694918
0.001096964
0.001581430
0.001560450
0.001550436
0.001669884
0.001587391
0.001571655
0.001347303
0.001554728
0.001636267
0.001570702
0.001565218
0.001565456
0.001398802
0.001374722
0.001581907
0.001564980
0.001590252
0.001384735
0.001549006
0.001580477
0.001581669
0.001578093
0.001424313
0.001592636
0.001574278
0.001573801
0.001581192
0.001375437
0.001510382
0.001005411
0.001328945
0.001577377
0.001610279
0.001618862
0.001569271
0.001607895
0.001586437
0.001399040
0.001555920
