0.011110306
0.010752916
0.009928226
0.010840178
0.010203838
0.010339499
0.010368586
0.010658264
0.010930061
0.009723902
0.011316061
0.010431290
0.011556387
0.010951519
0.009888172
0.010782003
0.011476517
0.010637522
0.010236979
0.010890007
0.007706881
0.010267258
0.010821819
0.010977268
0.011415720
0.010085821
0.010529757
0.010642529
0.010395288
0.010898113
0.008925438
0.010774374
0.010946751
0.010509253
0.010774851
0.010982513
0.009910345
0.011027098
0.011092901
0.011243582
0.011261702
0.010967731
0.010784149
0.011053562
0.010311604
0.010503769
0.011096954
0.011039972
0.011042118
0.010548592
0.009457827
0.010534286
0.010952473
0.011099577
0.010111332
0.010530472
0.010082722
0.011816025
0.010993719
0.011091232
0.010643482
0.010471821
0.011778593
0.011567354
0.011525154
0.011065483
0.008888245
0.009739161
0.010812521
0.010467052
0.010564804
0.009691238
0.010566711
0.010136604
0.010594130
0.010457516
0.008740187
0.011040688
0.010673761
0.010795593
0.009228230
0.009527445
0.011471748
0.009902716
0.010606050
0.011220694
0.009566784
0.009605646
0.010811806
0.011272907
0.010483265
0.011122227
0.010761261
0.011108637
0.010576963
0.011166334
0.010248661
0.011486053
0.011549950
0.011556149
0.010557413
0.010494947
0.010150433
0.011067152
0.011604309
0.011317253
0.011751413
0.010996103
0.010957241
0.011057138
0.010546923
0.010148525
0.010602236
0.010766745
0.010715008
0.011763811
0.009965181
0.010579824
0.011849403
0.011349678
