0.002780
0.002933
0.002715
0.001880
0.001892
0.001877
0.001895
0.001889
0.001897
0.001871
0.001877
0.001913
0.001898
0.001891
0.001901
0.001883
0.001925
0.001978
0.001902
0.001889
0.001893
0.001889
0.002026
0.001884
0.001891
0.001902
0.001875
0.002045
0.001894
0.001893
0.001890
0.001900
0.002026
0.001884
0.001888
0.001883
0.001888
0.002068
0.001895
0.001895
0.001893
0.001927
0.002090
0.002042
0.002086
0.002070
0.002081
0.002077
0.002114
0.002101
0.002062
0.001933
0.002688
0.002021
0.002201
0.002092
0.002074
0.001917
0.001920
0.001893
0.001886
0.001879
0.001901
0.001879
0.001888
0.001871
0.001891
0.001892
0.001892
0.001886
0.001883
0.001880
0.001901
0.001856
0.001865
0.001861
0.001863
0.001865
0.001878
0.001915
0.001884
0.001853
0.001883
0.001858
0.001874
0.001832
0.001873
0.001845
0.001880
0.001863
0.001874
0.001856
0.001872
0.001881
0.001875
0.001878
0.001851
0.001870
0.001881
0.001873
0.001881
0.001903
0.001945
0.001890
0.001884
0.001879
0.001873
0.001883
0.001897
0.001919
0.001911
0.001877
0.001894
0.001871
0.001884
0.001872
0.001885
0.001887
0.001930
0.001919
