0.000204
0.000212
0.000207
0.000189
0.000183
0.000177
0.000191
0.000197
0.000177
0.000149
0.000191
0.000208
0.000176
0.000201
0.000197
0.000186
0.000211
0.000219
0.000215
0.000200
0.000210
0.000179
0.000221
0.000202
0.000189
0.000192
0.000196
0.000156
0.000188
0.000196
0.000195
0.000195
0.000195
0.000195
0.000194
0.000181
0.000198
0.000196
0.000191
0.000193
0.000206
0.000196
0.000174
0.000192
0.000193
0.000195
0.000193
0.000194
0.000191
0.000195
0.000188
0.000187
0.000178
0.000199
0.000190
0.000173
0.000180
0.000178
0.000170
0.000166
0.000172
0.000173
0.000177
0.000168
0.000164
0.000184
0.000177
0.000180
0.000169
0.000157
0.000199
0.000221
0.000222
0.000205
0.000193
0.000185
0.000175
0.000202
0.000190
0.000204
0.000198
0.000195
0.000138
0.000206
0.000196
0.000186
0.000190
0.000195
0.000197
0.000166
0.000170
0.000162
0.000204
0.000193
0.000190
0.000185
0.000147
0.000176
0.000244
0.000200
0.000197
0.000194
0.000197
0.000199
0.000192
0.000185
0.000190
0.000202
0.000196
0.000195
0.000188
0.000168
0.000158
0.000160
0.000178
0.000195
0.000209
0.000181
0.000184
0.000168
