0.000415
0.000472
0.000352
0.000334
0.000299
0.000290
0.000293
0.000284
0.000281
0.000293
0.000298
0.000285
0.000286
0.000315
0.000294
0.000266
0.000265
0.000264
0.000268
0.000289
0.000264
0.000300
0.000304
0.000293
0.000270
0.000271
0.000248
0.000284
0.000290
0.000263
0.000282
0.000245
0.000214
0.000235
0.000235
0.000232
0.000264
0.000229
0.000240
0.000279
0.000273
0.000272
0.000263
0.000262
0.000269
0.000300
0.000272
0.000264
0.000319
0.000296
0.000281
0.000288
0.000287
0.000317
0.000282
0.000294
0.000288
0.000284
0.000291
0.000306
0.000292
0.000301
0.000299
0.000295
0.000290
0.000315
0.000293
0.000306
0.000286
0.000273
0.000303
0.000283
0.000287
0.000284
0.000287
0.000304
0.000283
0.000283
0.000284
0.000275
0.000313
0.000284
0.000283
0.000278
0.000289
0.000304
0.000285
0.000284
0.000281
0.000308
0.000299
0.000311
0.000312
0.000279
0.000281
0.000298
0.000272
0.000281
0.000265
0.000262
0.000279
0.000271
0.000295
0.000262
0.000272
0.000305
0.000271
0.000266
0.000263
0.000260
0.000310
0.000264
0.000286
0.000260
0.000284
0.000293
0.000266
0.000279
0.000293
0.000300
