0.000259
0.000299
0.000271
0.000201
0.000243
0.000226
0.000216
0.000170
0.000209
0.000231
0.000202
0.000194
0.000213
0.000246
0.000237
0.000312
0.000211
0.000247
0.000237
0.000184
0.000248
0.000231
0.000232
0.000230
0.000231
0.000238
0.000278
0.000234
0.000249
0.000236
0.000237
0.000248
0.000230
0.000235
0.000230
0.000238
0.000232
0.000207
0.000211
0.000207
0.000208
0.000217
0.000213
0.000211
0.000177
0.000208
0.000238
0.000230
0.000253
0.000232
0.000238
0.000246
0.000227
0.000218
0.000177
0.000270
0.000235
0.000230
0.000234
0.000226
0.000236
0.000229
0.000182
0.000248
0.000222
0.000211
0.000209
0.000209
0.000218
0.000225
0.000228
0.000261
0.000221
0.000219
0.000216
0.000241
0.000219
0.000229
0.000242
0.000225
0.000222
0.000181
0.000231
0.000248
0.000273
0.000250
0.000237
0.000239
0.000251
0.000214
0.000241
0.000231
0.000233
0.000238
0.000242
0.000232
0.000229
0.000232
0.000337
0.000340
0.000237
0.000242
0.000307
0.000288
0.000296
0.000312
0.000220
0.000305
0.000316
0.000247
0.000239
0.000253
0.000274
0.000318
0.000285
0.000283
0.000243
0.000242
0.000250
0.000240
