0.000203
0.000194
0.000114
0.000209
0.000188
0.000205
0.000196
0.000189
0.000189
0.000184
0.000164
0.000198
0.000170
0.000183
0.000165
0.000199
0.000207
0.000179
0.000195
0.000201
0.000162
0.000193
0.000188
0.000172
0.000195
0.000193
0.000139
0.000196
0.000195
0.000187
0.000188
0.000191
0.000188
0.000211
0.000194
0.000202
0.000202
0.000193
0.000189
0.000128
0.000182
0.000189
0.000077
0.000167
0.000091
0.000102
0.000132
0.000146
0.000130
0.000250
0.000202
0.000313
0.000151
0.000179
0.000180
0.000157
0.000172
0.000225
0.000196
0.000197
0.000192
0.000178
0.000194
0.000243
0.000194
0.000217
0.000190
0.000218
0.000196
0.000215
0.000190
0.000211
0.000190
0.000174
0.000195
0.000203
0.000196
0.000235
0.000182
0.000187
0.000182
0.000172
0.000201
0.000201
0.000201
0.000185
0.000189
0.000187
0.000186
0.000209
0.000138
0.000116
0.000082
0.000211
0.000077
0.000122
0.000174
0.000100
0.000175
0.000161
0.000103
0.000138
0.000203
0.000175
0.000183
0.000186
0.000143
0.000192
0.000184
0.000164
0.000195
0.000180
0.000178
0.000127
0.000174
0.000195
0.000171
0.000170
0.000193
0.000166
