0.001083
0.000197
0.000178
0.000186
0.000189
0.000190
0.000185
0.000193
0.000184
0.000180
0.000193
0.000188
0.000196
0.000206
0.000192
0.000194
0.000183
0.000186
0.000186
0.000178
0.000191
0.000257
0.000192
0.000165
0.000174
0.000148
0.000196
0.000169
0.000165
0.000161
0.000170
0.000188
0.000175
0.000180
0.000185
0.000204
0.000166
0.000193
0.000154
0.000096
0.000101
0.000177
0.000169
0.000184
0.000185
0.000193
0.000192
0.000189
0.000177
0.000183
0.000181
0.000160
0.000200
0.000187
0.000175
0.000160
0.000175
0.000204
0.000162
0.000237
0.000172
0.000163
0.000208
0.000180
0.000180
0.000181
0.000194
0.000194
0.000182
0.000172
0.000192
0.000195
0.000159
0.000147
0.000189
0.000207
0.000159
0.000129
0.000211
0.000200
0.000181
0.000168
0.000196
0.000191
0.000170
0.000171
0.000167
0.000168
0.000164
0.000165
0.000211
0.000204
0.000206
0.000202
0.000197
0.000207
0.000164
0.000193
0.000201
0.000193
0.000199
0.000195
0.000198
0.000201
0.000202
0.000175
0.000192
0.000177
0.000166
0.000165
0.000210
0.000197
0.000204
0.000209
0.000167
0.000205
0.000167
0.000168
0.000199
0.000173
