0.000236
0.000244
0.000178
0.000178
0.000205
0.000180
0.000209
0.000184
0.000204
0.000203
0.000239
0.000206
0.000183
0.000211
0.000219
0.000204
0.000223
0.000223
0.000228
0.000210
0.000209
0.000182
0.000212
0.000227
0.000225
0.000186
0.000226
0.000150
0.000176
0.000204
0.000228
0.000223
0.000210
0.000141
0.000197
0.000136
0.000222
0.000217
0.000216
0.000201
0.000208
0.000190
0.000206
0.000197
0.000192
0.000213
0.000220
0.000206
0.000221
0.000192
0.000205
0.000203
0.000212
0.000202
0.000198
0.000184
0.000217
0.000218
0.000219
0.000205
0.000205
0.000206
0.000217
0.000215
0.000205
0.000212
0.000213
0.000210
0.000216
0.000216
0.000204
0.000211
0.000212
0.000201
0.000197
0.000217
0.000211
0.000203
0.000216
0.000199
0.000218
0.000169
0.000218
0.000202
0.000214
0.000211
0.000192
0.000184
0.000192
0.000186
0.000188
0.000190
0.000211
0.000211
0.000206
0.000205
0.000212
0.000196
0.000166
0.000171
0.000217
0.000213
0.000210
0.000224
0.000143
0.000167
0.000217
0.000206
0.000215
0.000212
0.000209
0.000207
0.000214
0.000190
0.000215
0.000207
0.000255
0.000209
0.000212
0.000218
