0.002507
0.001827
0.001627
0.001003
0.000975
0.000945
0.001000
0.001029
0.000972
0.000956
0.000973
0.000946
0.000961
0.000953
0.000965
0.000948
0.000943
0.000954
0.000965
0.000954
0.000949
0.001036
0.000960
0.000955
0.000965
0.000939
0.001063
0.000953
0.000962
0.000987
0.000975
0.000971
0.000985
0.000951
0.000994
0.001056
0.000962
0.000983
0.000995
0.001051
0.001056
0.001000
0.001080
0.001070
0.001124
0.001253
0.001126
0.001032
0.001156
0.001004
0.000669
0.000978
0.000975
0.000976
0.000971
0.000975
0.000960
0.000980
0.000959
0.000974
0.000960
0.000973
0.000986
0.000968
0.000967
0.000974
0.000957
0.000966
0.000968
0.000968
0.000961
0.000968
0.000985
0.000987
0.000990
0.000988
0.000980
0.000999
0.000993
0.000988
0.000980
0.000944
0.000989
0.000973
0.000991
0.000980
0.000982
0.000987
0.000988
0.000980
0.000978
0.000959
0.000982
0.000978
0.000991
0.000985
0.000973
0.000997
0.000990
0.000984
0.000971
0.000978
0.000983
0.000986
0.000988
0.000991
0.000988
0.000967
0.000962
0.000982
0.000989
0.000983
0.000996
0.000964
0.000962
0.000958
0.000962
0.000962
0.000961
0.001008
