0.000601
0.000740
0.000531
0.000564
0.000386
0.000408
0.000403
0.000417
0.000386
0.000386
0.000392
0.000409
0.000386
0.000400
0.000397
0.000417
0.000425
0.000394
0.000396
0.000408
0.000380
0.000412
0.000334
0.000424
0.000405
0.000424
0.000373
0.000421
0.000408
0.000362
0.000420
0.000392
0.000417
0.000383
0.000385
0.000356
0.000339
0.000356
0.000370
0.000363
0.000376
0.000370
0.000359
0.000393
0.000385
0.000401
0.000377
0.000368
0.000345
0.000378
0.000393
0.000365
0.000406
0.000396
0.000389
0.000362
0.000349
0.000358
0.000386
0.000384
0.000388
0.000395
0.000422
0.000401
0.000410
0.000394
0.000392
0.000403
0.000406
0.000370
0.000390
0.000360
0.000362
0.000387
0.000397
0.000396
0.000382
0.000365
0.000399
0.000369
0.000385
0.000396
0.000384
0.000392
0.000400
0.000383
0.000397
0.000386
0.000409
0.000404
0.000444
0.000406
0.000433
0.000291
0.000402
0.000396
0.000404
0.000393
0.000406
0.000408
0.000411
0.000390
0.000380
0.000376
0.000373
0.000315
0.000401
0.000386
0.000412
0.000410
0.000409
0.000442
0.000466
0.000463
0.000453
0.000407
0.000427
0.000402
0.000370
0.000403
