0.000831
0.001003
0.000860
0.000553
0.000552
0.000552
0.000551
0.000552
0.000549
0.000554
0.000558
0.000577
0.000551
0.000505
0.000574
0.000581
0.000576
0.000580
0.000570
0.000574
0.000583
0.000558
0.000554
0.000551
0.000573
0.000562
0.000560
0.000560
0.000583
0.000585
0.000582
0.000582
0.000586
0.000607
0.000625
0.000594
0.000621
0.000613
0.000613
0.000632
0.000574
0.000546
0.000601
0.000567
0.000754
0.000744
0.000722
0.000577
0.000592
0.000576
0.000583
0.000586
0.000600
0.000596
0.000594
0.000585
0.000595
0.000581
0.000585
0.000581
0.000563
0.000581
0.000562
0.000573
0.000572
0.000577
0.000597
0.000571
0.000566
0.000561
0.000575
0.000582
0.000560
0.000558
0.000593
0.000561
0.000606
0.000576
0.000576
0.000568
0.000676
0.000581
0.000559
0.000588
0.000579
0.000570
0.000581
0.000572
0.000606
0.000572
0.000619
0.000590
0.000569
0.000557
0.000589
0.000574
0.000564
0.000592
0.000576
0.000594
0.000569
0.000572
0.000559
0.000557
0.000565
0.000591
0.000571
0.000591
0.000577
0.000556
0.000574
0.000554
0.000587
0.000432
0.000427
0.000565
0.000567
0.000559
0.000564
0.000575
