0.000272036
0.000269413
0.000259399
0.000249386
0.000144005
0.000247240
0.000263214
0.000251055
0.000260115
0.000279188
0.000261545
0.000261784
0.000219822
0.000252724
0.000140667
0.000251055
0.000251055
0.000284672
0.000252485
0.000264883
0.000252008
0.000250101
0.000251532
0.000259161
0.000253201
0.000287771
0.000251532
0.000274658
0.000251770
0.000261307
0.000251055
0.000244141
0.000261545
0.000258923
0.000150204
0.000149965
0.000135899
0.000260830
0.000254393
0.000262260
0.000254869
0.000269413
0.000251532
0.000258207
0.000151634
0.000268936
0.000245810
0.000253916
0.000257730
0.000270605
0.000251293
0.000261307
0.000250101
0.000254869
0.000304222
0.000262976
0.000266314
0.000252724
0.000262499
0.000251770
0.000261545
0.000251055
0.000258684
0.000262976
0.000276566
0.000257015
0.000260830
0.000265837
0.000264645
0.000264406
0.000259876
0.000264645
0.000251055
0.000251293
0.000194073
0.000268221
0.000266552
0.000270605
0.000266075
0.000218153
0.000254631
0.000266552
0.000261545
0.000280380
0.000211239
0.000260592
0.000270367
0.000257015
0.000262737
0.000257492
0.000269413
0.000267744
0.000252247
0.000152111
0.000151873
0.000273705
0.000264168
0.000258684
0.000258207
0.000261068
0.000277519
0.000189304
0.000194550
0.000260353
0.000280857
0.000292063
0.000258446
0.000280857
0.000270605
0.000197887
0.000251055
0.000251770
0.000147104
0.000249624
0.000275135
0.000251055
0.000271559
0.000251532
0.000257015
0.000251532
