0.000266314
0.000270844
0.000195026
0.000268221
0.000276804
0.000260115
0.000269413
0.000260353
0.000257015
0.000259876
0.000300884
0.000266075
0.000266552
0.000268221
0.000267744
0.000267744
0.000263929
0.000267029
0.000269651
0.000259876
0.000279188
0.000261545
0.000269175
0.000208378
0.000260115
0.000269890
0.000262260
0.000266314
0.000261784
0.000262499
0.000261068
0.000269413
0.000276804
0.000240326
0.000259876
0.000268936
0.000212908
0.000266075
0.000261307
0.000264168
0.000285387
0.000298977
0.000149250
0.000290394
0.000287294
0.000264406
0.000270128
0.000261784
0.000261068
0.000264883
0.000260115
0.000267506
0.000227451
0.000259399
0.000265121
0.000268459
0.000265121
0.000176907
0.000268698
0.000285149
0.000264168
0.000272989
0.000265837
0.000255823
0.000270367
0.000259876
0.000266075
0.000267982
0.000269890
0.000273705
0.000276089
0.000293493
0.000212908
0.000286341
0.000293255
0.000261784
0.000268936
0.000283003
0.000286818
0.000264168
0.000273466
0.000283003
0.000301123
0.000263453
0.000270367
0.000275850
0.000289440
0.000259638
0.000267506
0.000247717
0.000256777
0.000191450
0.000243425
0.000287294
0.000266790
0.000253439
0.000269413
0.000266314
0.000267267
0.000221491
0.000280142
0.000197172
0.000192404
0.000271797
0.000260115
0.000303745
0.000267029
0.000271320
0.000285625
0.000258923
0.000379801
0.000274658
0.000256062
0.000267982
0.000282049
0.000256062
0.000265598
0.000247002
0.001361847
0.000538826
