0.000067234
0.000071049
0.000068903
0.000072718
0.000070333
0.000067711
0.000067472
0.000067234
0.000068665
0.000066280
0.000066280
0.000066757
0.000066519
0.000066519
0.000066042
0.000076771
0.000066042
0.000065327
0.000087023
0.000065565
0.000069380
0.000069857
0.000065804
0.000065804
0.000065804
0.000066757
0.000036478
0.000056744
0.000066757
0.000066996
0.000068903
0.000069141
0.000066042
0.000042677
0.000036478
0.000066757
0.000066280
0.000066996
0.000069141
0.000067711
0.000067949
0.000067472
0.000068665
0.000066757
0.000067234
0.000068188
0.000068426
0.000067234
0.000066042
0.000067711
0.000070333
0.000066996
0.000067234
0.000068426
0.000066042
0.000079393
0.000068665
0.000067234
0.000067949
0.000066757
0.000066996
0.000068665
0.000066519
0.000082731
0.000066042
0.000069857
0.000065804
0.000069618
0.000067472
0.000068665
0.000066519
0.000069141
0.000065804
0.000067711
0.000066519
0.000066757
0.000069141
0.000068188
0.000066996
0.000066996
0.000069141
0.000067234
0.000067472
0.000037432
0.000068903
0.000066757
0.000066519
0.000066996
0.000066757
0.000067234
0.000067711
0.000067472
0.000064850
0.000069857
0.000067472
0.000068188
0.000065804
0.000067711
0.000068426
0.000069857
0.000065565
0.000071049
0.000066519
0.000079632
0.000064850
0.000069618
0.000067949
0.000068665
0.000066280
0.000068426
0.000066757
0.000067949
0.000066280
0.000040293
0.000065804
0.000066757
0.000045776
0.000068665
0.000066757
0.000067234
