0.000001669
0.000002623
0.000002146
0.000002384
0.000002861
0.000003099
0.000002384
0.000002623
0.000002384
0.000002146
0.000002384
0.000002623
0.000002384
0.000002623
0.000002861
0.000002146
0.000002861
0.000002623
0.000002384
0.000002384
0.000003099
0.000002146
0.000002623
0.000002861
0.000002384
0.000002623
0.000002384
0.000002384
0.000002146
0.000002384
0.000002384
0.000002623
0.000002384
0.000002623
0.000002623
0.000002861
0.000002623
0.000002384
0.000002623
0.000002384
0.000002623
0.000002623
0.000002384
0.000002384
0.000002384
0.000002384
0.000002384
0.000002384
0.000002384
0.000002146
0.000002384
0.000002384
0.000002861
0.000002384
0.000002623
0.000002384
0.000002146
0.000002384
0.000002384
0.000002384
0.000002384
0.000002623
0.000002623
0.000002384
0.000002384
0.000002384
0.000002146
0.000002623
0.000003099
0.000001431
0.000002384
0.000002623
0.000002384
0.000002384
0.000002861
0.000001907
0.000002146
0.000002623
0.000002384
0.000002861
0.000002146
0.000002623
0.000002384
0.000001907
0.000002146
0.000002623
0.000002623
0.000002623
0.000002384
0.000002146
0.000002384
0.000002384
0.000002384
0.000002623
0.000002623
0.000002146
0.000002384
0.000002146
0.000002384
0.000001431
0.000002384
0.000002623
0.000002623
0.000002384
0.000001907
0.000002384
0.000002384
0.000002623
0.000002146
0.000002146
0.000001907
0.000001907
0.000002146
0.000002146
0.000002384
0.000002146
0.000002146
0.000002146
0.000002146
0.000013351
