0.000031948
0.000035048
0.000033617
0.000021219
0.000032902
0.000033617
0.000031471
0.000034094
0.000030756
0.000022411
0.000031948
0.000031471
0.000032187
0.000032902
0.000032663
0.000033617
0.000032187
0.000035048
0.000034571
0.000034571
0.000032663
0.000034332
0.000032902
0.000033617
0.000033617
0.000033855
0.000031948
0.000035048
0.000036001
0.000044107
0.000032663
0.000038385
0.000036240
0.000023603
0.000035048
0.000030279
0.000036001
0.000035048
0.000034571
0.000035524
0.000023365
0.000025511
0.000036240
0.000036955
0.000034094
0.000037193
0.000042915
0.000036716
0.000032425
0.000038147
0.000034332
0.000025988
0.000032902
0.000036001
0.000034332
0.000036955
0.000038862
0.000035048
0.000025749
0.000035286
0.000033140
0.000037432
0.000033617
0.000024557
0.000033379
0.000034094
0.000031948
0.000030518
0.000033617
0.000041246
0.000034094
0.000038624
0.000035048
0.000034809
0.000033617
0.000036716
0.000026941
0.000036955
0.000031948
0.000036240
0.000026464
0.000040770
0.000036716
0.000040054
0.000035524
0.000041962
0.000043631
0.000040770
0.000025272
0.000041008
0.000036716
0.000026226
0.000036001
0.000045300
0.000036001
0.000035524
0.000032663
0.000034571
0.000032187
0.000033855
0.000031948
0.000036240
0.000033140
0.000025511
0.000037670
0.000036001
0.000033617
0.000037670
0.000033379
0.000037670
0.000033379
0.000036716
0.000033855
0.000036240
0.000033140
0.000036478
0.000033855
0.000035524
0.000034571
0.000035524
