0.000005722
0.000005960
0.000005960
0.000006437
0.000006199
0.000005484
0.000006437
0.000005722
0.000005960
0.000005245
0.000006437
0.000005484
0.000006914
0.000005484
0.000006437
0.000005722
0.000005007
0.000006437
0.000005960
0.000005960
0.000006437
0.000013828
0.000005960
0.000005722
0.000006199
0.000006437
0.000006437
0.000006199
0.000005960
0.000007629
0.000006437
0.000005484
0.000006914
0.000005484
0.000006914
0.000005484
0.000006676
0.000005484
0.000006914
0.000006199
0.000005960
0.000005245
0.000006914
0.000005722
0.000006437
0.000005960
0.000006437
0.000005960
0.000005960
0.000006676
0.000006437
0.000006437
0.000006676
0.000005960
0.000005722
0.000007391
0.000004530
0.000005484
0.000007153
0.000006199
0.000006914
0.000005245
0.000006437
0.000005245
0.000005960
0.000005722
0.000004053
0.000005960
0.000006199
0.000005960
0.000006676
0.000004768
0.000005960
0.000006437
0.000006914
0.000006437
0.000004530
0.000005960
0.000006199
0.000006676
0.000006437
0.000004292
0.000005960
0.000005007
0.000006437
0.000006437
0.000006437
0.000006199
0.000007153
0.000005484
0.000006437
0.000005722
0.000006914
0.000006199
0.000006914
0.000005722
0.000006914
0.000005960
0.000006676
0.000006199
0.000004768
0.000005960
0.000005722
0.000006199
0.000006676
0.000005960
0.000007391
0.000006199
0.000006676
0.000005245
0.000006199
0.000006676
0.000007153
0.000006437
0.000005960
0.000006199
0.000005960
0.000006199
0.000006199
0.000006676
