0.000009298
0.000017643
0.000016451
0.000016451
0.000016212
0.000015974
0.000016451
0.000016928
0.000017405
0.000017166
0.000016212
0.000015974
0.000015974
0.000016451
0.000015497
0.000015259
0.000017643
0.000015736
0.000017881
0.000016689
0.000016212
0.000015497
0.000015974
0.000016212
0.000015497
0.000015974
0.000017166
0.000015497
0.000015497
0.000015974
0.000015497
0.000015736
0.000017166
0.000016212
0.000014305
0.000015974
0.000015497
0.000015497
0.000015020
0.000015736
0.000015020
0.000015259
0.000016451
0.000015259
0.000015497
0.000015974
0.000015259
0.000015497
0.000015259
0.000015020
0.000016451
0.000015736
0.000016212
0.000015020
0.000018597
0.000010967
0.000015736
0.000019073
0.000015736
0.000015497
0.000015259
0.000015259
0.000015974
0.000016928
0.000013590
0.000016212
0.000015974
0.000015259
0.000015020
0.000015259
0.000015259
0.000015736
0.000015020
0.000015736
0.000015259
0.000026703
0.000014782
0.000015020
0.000014544
0.000014544
0.000016212
0.000015259
0.000016689
0.000021935
0.000015736
0.000015020
0.000015259
0.000016212
0.000015497
0.000013590
0.000015259
0.000015736
0.000015497
0.000017405
0.000015497
0.000016451
0.000016451
0.000010014
0.000015974
0.000015259
0.000015259
0.000017166
0.000009060
0.000015259
0.000016212
0.000015020
0.000017405
0.000016212
0.000016689
0.000015020
0.000016689
0.000015736
0.000015497
0.000016212
0.000016212
0.000014782
0.000015259
0.000009537
0.000010252
0.000016212
