0.001196146
0.001220226
0.001160145
0.001267672
0.001158714
0.001212358
0.001116037
0.001173735
0.001162052
0.001198769
0.000954866
0.001169920
0.001377344
0.001370668
0.000921965
0.001168489
0.001171350
0.001174450
0.001223326
0.001195192
0.001276016
0.001307011
0.000993490
0.001268625
0.001251221
0.001171589
0.001199961
0.001155853
0.001231670
0.001245737
0.001283407
0.001262665
0.000854254
0.001253605
0.001197577
0.001185656
0.001200914
0.001264334
0.001201153
0.001070023
0.001321554
0.001374960
0.001221895
0.000937700
0.001219511
0.001274109
0.001240253
0.001275301
0.001333475
0.001228094
0.001420736
0.001249790
0.001250505
0.001263857
0.001290560
0.001219749
0.001236916
0.001459599
0.001639605
0.001678705
0.001293898
0.001382828
0.000943899
0.001183748
0.001175880
0.001333475
0.001272678
0.001263380
0.001172781
0.001044273
0.001181841
0.001200914
0.001246452
0.000780344
0.001246691
0.000775337
0.001257181
0.001178503
0.001214266
0.001174927
0.001215935
0.001179695
0.001215935
0.001202106
0.000900507
0.001183271
0.001183510
0.001202583
0.001173258
0.001272678
0.001179218
0.001390457
0.001174212
0.001229286
0.001161575
0.001230478
0.000715733
0.001213551
0.001168966
0.001244545
0.001163244
0.001183271
0.001263380
0.000735044
0.001268387
0.001187086
0.001087666
0.001178741
0.001232386
0.001188517
0.001193047
0.001278877
0.001185894
0.000769138
0.001183033
0.001253366
0.001275778
0.001279831
0.001183510
0.001249790
