0.000017881
0.000018835
0.000018597
0.000017881
0.000018597
0.000017643
0.000018120
0.000018835
0.000018597
0.000018358
0.000017881
0.000012875
0.000018358
0.000016689
0.000017405
0.000016689
0.000018358
0.000017643
0.000018358
0.000016928
0.000018597
0.000020981
0.000018835
0.000027418
0.000025511
0.000016212
0.000019312
0.000016689
0.000017881
0.000016451
0.000016928
0.000017166
0.000018120
0.000027418
0.000015974
0.000016451
0.000011206
0.000015974
0.000016928
0.000016928
0.000016689
0.000016689
0.000018597
0.000017881
0.000018597
0.000016689
0.000017405
0.000016928
0.000016928
0.000015736
0.000017881
0.000017643
0.000018835
0.000016689
0.000019312
0.000016689
0.000018835
0.000022411
0.000017881
0.000016928
0.000018597
0.000016451
0.000017643
0.000018358
0.000018358
0.000034332
0.000018120
0.000016689
0.000016689
0.000017405
0.000017405
0.000016451
0.000017643
0.000016689
0.000017166
0.000015020
0.000017405
0.000016928
0.000016928
0.000015974
0.000017881
0.000016689
0.000019550
0.000016451
0.000017405
0.000016451
0.000018120
0.000012398
0.000018597
0.000017166
0.000017881
0.000017405
0.000018358
0.000017881
0.000017881
0.000013828
0.000019312
0.000018358
0.000019312
0.000017166
0.000017643
0.000019073
0.000011683
0.000016451
0.000019073
0.000016928
0.000018835
0.000016928
0.000018358
0.000015736
0.000018597
0.000016689
0.000018358
0.000019550
0.000018358
0.000017405
0.000018835
0.000017166
0.000017881
0.000018120
