0.001217604
0.001150370
0.001086235
0.001207590
0.001172066
0.001194715
0.001162529
0.000930548
0.001130104
0.001152039
0.001117468
0.001082182
0.000731945
0.001169443
0.001189232
0.001418352
0.001857996
0.000967026
0.001224041
0.001174927
0.001045942
0.001097918
0.001208544
0.000931740
0.001175880
0.000785112
0.001173496
0.000968933
0.001172781
0.001238585
0.000947475
0.001154423
0.001225710
0.001168489
0.001224041
0.001172304
0.001253605
0.000991344
0.001208067
0.001162529
0.000996351
0.001189232
0.001161098
0.001157284
0.001095772
0.001146793
0.001078844
0.001184464
0.000913858
0.001084089
0.001117706
0.000921488
0.000786781
0.001173735
0.000998735
0.001329660
0.001344919
0.001112700
0.001078367
0.000890970
0.001309395
0.001111984
0.001574039
0.001193523
0.001260519
0.000834942
0.001047850
0.000935316
0.001279354
0.001194477
0.001163960
0.001128674
0.000786066
0.001118183
0.001130342
0.001204491
0.000983238
0.001184225
0.001154423
0.001141310
0.001055241
0.000836372
0.001199961
0.001184940
0.001210690
0.001150846
0.001029253
0.001176119
0.001317978
0.001045465
0.001011372
0.001163483
0.001138926
0.001189709
0.000766754
0.000963449
0.001174688
0.001168013
0.001224279
0.001047850
0.001131296
0.001165867
0.001150131
0.000921488
0.001189470
0.001094103
0.000918627
0.001168251
0.001174450
0.000874043
0.000002384
0.000002146
0.000001907
0.000002384
0.000001907
0.000002146
0.000002146
0.000002146
0.000002384
0.000002384
