0.000073910
0.000009298
0.000008821
0.000010252
0.000006199
0.000007391
0.000009060
0.000009537
0.000009298
0.000009537
0.000009060
0.000010252
0.000011444
0.000009775
0.000009775
0.000009775
0.000009537
0.000009537
0.000008583
0.000009298
0.000010014
0.000024080
0.000008821
0.000010014
0.000009537
0.000008345
0.000009775
0.000010252
0.000010967
0.000013113
0.000009060
0.000011444
0.000009775
0.000009060
0.000008106
0.000010014
0.000009298
0.000009298
0.000009537
0.000009537
0.000010729
0.000009060
0.000010729
0.000009537
0.000009537
0.000009537
0.000008821
0.000009060
0.000006676
0.000009537
0.000008821
0.000009060
0.000009537
0.000009060
0.000009537
0.000009537
0.000009298
0.000010014
0.000009298
0.000009537
0.000009537
0.000010014
0.000009298
0.000009775
0.000009298
0.000009060
0.000009537
0.000009298
0.000009775
0.000009060
0.000023365
0.000009775
0.000009775
0.000009060
0.000009775
0.000009298
0.000010252
0.000009537
0.000009537
0.000009298
0.000008583
0.000009060
0.000009537
0.000009298
0.000009298
0.000009060
0.000009298
0.000006199
0.000009537
0.000008583
0.000009298
0.000009775
0.000008583
0.000009775
0.000009775
0.000010014
0.000008821
0.000009775
0.000009537
0.000009537
0.000008821
0.000009537
0.000009537
0.000009060
0.000009775
0.000009060
0.000009537
0.000008583
0.000008583
0.000009060
0.000009060
0.000010252
0.000008583
0.000008345
0.000009537
0.000008821
0.000007391
0.000008821
0.000009298
0.000007153
