0.000005007
0.000007391
0.000007868
0.000007868
0.000006676
0.000006914
0.000006914
0.000007629
0.000007868
0.000007629
0.000007629
0.000007868
0.000007391
0.000007868
0.000007391
0.000007391
0.000008106
0.000007629
0.000007629
0.000007629
0.000007629
0.000007153
0.000007153
0.000007629
0.000007153
0.000007868
0.000006914
0.000008106
0.000008345
0.000007391
0.000006914
0.000006914
0.000006437
0.000007629
0.000006914
0.000007153
0.000007153
0.000006914
0.000007629
0.000007391
0.000007391
0.000007153
0.000007868
0.000007868
0.000007391
0.000007629
0.000007629
0.000007153
0.000007629
0.000008345
0.000007868
0.000008821
0.000007868
0.000006914
0.000007153
0.000007391
0.000006914
0.000007391
0.000008345
0.000006914
0.000007868
0.000005722
0.000007629
0.000006437
0.000008345
0.000007153
0.000005722
0.000007868
0.000009298
0.000007629
0.000007153
0.000008345
0.000007153
0.000008583
0.000007868
0.000008106
0.000008345
0.000008106
0.000007629
0.000007153
0.000007153
0.000006914
0.000007391
0.000007629
0.000006676
0.000008106
0.000007391
0.000007153
0.000007629
0.000007153
0.000007391
0.000006437
0.000006914
0.000005960
0.000007153
0.000007391
0.000007629
0.000006914
0.000006676
0.000006676
0.000006914
0.000007153
0.000006437
0.000007153
0.000007391
0.000008345
0.000006914
0.000007629
0.000007868
0.000007629
0.000007391
0.000007153
0.000007629
0.000005484
0.000006437
0.000006199
0.000007629
0.000006914
0.000007391
0.000007629
