0.000558138
0.000337362
0.000604153
0.000541210
0.000579834
0.000617743
0.000641584
0.000563383
0.000567198
0.000541925
0.000554085
0.000541449
0.000558376
0.000581026
0.000523567
0.000533581
0.000536203
0.000520468
0.000537872
0.000536442
0.000537872
0.000306845
0.000537634
0.000526428
0.000564575
0.000522375
0.000571012
0.000518084
0.000533342
0.000517368
0.000526667
0.000524998
0.000517130
0.000538826
0.000536203
0.000533819
0.000556707
0.000519514
0.000525236
0.000527859
0.000550270
0.000422001
0.000528574
0.000558376
0.000526667
0.000535727
0.000565290
0.000531912
0.000547171
0.000555754
0.000540733
0.000475407
0.000528097
0.000324249
0.000545025
0.000562668
0.000601053
0.000577450
0.000549793
0.000551462
0.000545979
0.000540495
0.000568628
0.000577450
0.000553846
0.000539780
0.000389338
0.000548363
0.000573874
0.000542402
0.000391006
0.000588417
0.000456810
0.000577688
0.000552416
0.000541449
0.000566483
0.000551939
0.000541925
0.000566721
0.000554800
0.000582695
0.000541449
0.000354528
0.000547886
0.000571966
0.000553846
0.000542879
0.000535250
0.000553131
0.000578165
0.000603676
0.000551701
0.000537395
0.000573874
0.000542402
0.000580072
0.000432491
0.000570536
0.000542164
0.000542164
0.000542164
0.000557661
0.000532150
0.000545740
0.000558615
0.000531912
0.000542402
0.000571251
0.000593424
0.000567913
0.000524521
0.000566006
0.000326395
0.000561953
0.000539064
0.000566721
0.000575542
0.000552893
0.000445127
