0.000128984
0.000030756
0.000030756
0.000018358
0.000022173
0.000030756
0.000030279
0.000029564
0.000029802
0.000020742
0.000028849
0.000029802
0.000029802
0.000019789
0.000029802
0.000030518
0.000031710
0.000030041
0.000023842
0.000031471
0.000031233
0.000030279
0.000030041
0.000030041
0.000026941
0.000030279
0.000029802
0.000030756
0.000031233
0.000033379
0.000030518
0.000032187
0.000033379
0.000020027
0.000035286
0.000030041
0.000032425
0.000030279
0.000031710
0.000033379
0.000032663
0.000033617
0.000032902
0.000033379
0.000032187
0.000031710
0.000030518
0.000031948
0.000030756
0.000033379
0.000033379
0.000036478
0.000030041
0.000031233
0.000030756
0.000031948
0.000031948
0.000030756
0.000026226
0.000030041
0.000032425
0.000032187
0.000031710
0.000030041
0.000029087
0.000030279
0.000032187
0.000030518
0.000031233
0.000033379
0.000036001
0.000046492
0.000033379
0.000030994
0.000036716
0.000037670
0.000035524
0.000032425
0.000031471
0.000035763
0.000025511
0.000038385
0.000033855
0.000034571
0.000034809
0.000033140
0.000032663
0.000031948
0.000030041
0.000031948
0.000041723
0.000031710
0.000033617
0.000030994
0.000034571
0.000031948
0.000032902
0.000024557
0.000025511
0.000032663
0.000030994
0.000033379
0.000032425
0.000031233
0.000033140
0.000030518
0.000030041
0.000032902
0.000030756
0.000032187
0.000030756
0.000035048
0.000030518
0.000031948
0.000031233
0.000031710
0.000030518
0.000030518
0.000030994
0.000031233
