0.000349998
0.000143051
0.000133991
0.000139475
0.000132799
0.000135422
0.000155210
0.000130177
0.000137568
0.000133038
0.000140429
0.000130653
0.000134945
0.000131845
0.000140190
0.000130653
0.000130415
0.000131130
0.000141382
0.000130892
0.000132084
0.000133038
0.000112534
0.000133991
0.000147581
0.000131845
0.000127792
0.000134945
0.000132322
0.000151157
0.000132322
0.000109196
0.000132322
0.000131369
0.000073195
0.000134706
0.000131845
0.000142097
0.000126123
0.000135899
0.000135899
0.000133991
0.000132322
0.000118256
0.000072002
0.000133753
0.000132799
0.000137091
0.000132084
0.000131130
0.000129223
0.000131845
0.000131607
0.000135660
0.000137329
0.000128746
0.000134468
0.000128984
0.000162125
0.000134468
0.000141859
0.000130653
0.000136614
0.000166655
0.000138283
0.000133991
0.000106812
0.000134945
0.000081539
0.000134706
0.000134706
0.000133753
0.000134706
0.000143528
0.000134706
0.000142097
0.000134945
0.000142336
0.000136852
0.000143766
0.000134706
0.000137329
0.000133276
0.000138283
0.000144005
0.000136137
0.000143528
0.000137329
0.000148058
0.000131845
0.000133038
0.000134945
0.000134468
0.000135899
0.000135183
0.000138283
0.000147581
0.000133514
0.000156164
0.000144005
0.000142097
0.000137329
0.000164270
0.000133276
0.000144243
0.000135183
0.000137091
0.000137091
0.000149012
0.000135899
0.000141144
0.000136137
0.000151157
0.000137091
0.000167131
0.000137091
0.000135422
0.000080824
0.000457525
0.000260115
