0.000003815
0.000004053
0.000004768
0.000005007
0.000004292
0.000004768
0.000004053
0.000004530
0.000004292
0.000004053
0.000004530
0.000004768
0.000003815
0.000004530
0.000005245
0.000004768
0.000005007
0.000004292
0.000004053
0.000004292
0.000004292
0.000004768
0.000004530
0.000004053
0.000004768
0.000004292
0.000004053
0.000004530
0.000003338
0.000004530
0.000004292
0.000004768
0.000004530
0.000004530
0.000004530
0.000004530
0.000004292
0.000004768
0.000004292
0.000004530
0.000004292
0.000004530
0.000004292
0.000004530
0.000004530
0.000004530
0.000004530
0.000004530
0.000004530
0.000004053
0.000010014
0.000004053
0.000004768
0.000004292
0.000004292
0.000004053
0.000004768
0.000003815
0.000004768
0.000004053
0.000004053
0.000003815
0.000004530
0.000004530
0.000004053
0.000004053
0.000004530
0.000004053
0.000004292
0.000002861
0.000004053
0.000004530
0.000004768
0.000003815
0.000004292
0.000004053
0.000004053
0.000003815
0.000004530
0.000003815
0.000004768
0.000004053
0.000004292
0.000003099
0.000004530
0.000003815
0.000003338
0.000004530
0.000004053
0.000004053
0.000004530
0.000004292
0.000004053
0.000004053
0.000004530
0.000004053
0.000004530
0.000003815
0.000004053
0.000003338
0.000004053
0.000003815
0.000004530
0.000004053
0.000004053
0.000003815
0.000004053
0.000004053
0.000004053
0.000004530
0.000004292
0.000004292
0.000004053
0.000004053
0.000004768
0.000003815
0.000004292
0.000004292
0.000004292
0.000003576
