0.000003099
0.000003099
0.000005007
0.000004530
0.000004053
0.000004292
0.000005007
0.000004768
0.000004768
0.000004292
0.000004768
0.000004292
0.000005007
0.000004530
0.000005245
0.000005007
0.000005245
0.000004768
0.000005484
0.000004768
0.000005484
0.000004053
0.000003815
0.000004768
0.000004530
0.000005007
0.000004292
0.000003815
0.000004768
0.000004292
0.000004530
0.000005245
0.000004530
0.000004768
0.000004768
0.000005245
0.000004768
0.000004530
0.000005960
0.000004768
0.000014305
0.000005007
0.000005007
0.000005722
0.000004768
0.000005484
0.000004530
0.000004768
0.000005722
0.000005484
0.000004768
0.000005007
0.000004768
0.000004530
0.000005245
0.000004530
0.000005007
0.000004530
0.000004768
0.000004530
0.000005007
0.000004768
0.000005245
0.000005960
0.000005245
0.000004768
0.000004530
0.000005245
0.000004530
0.000005007
0.000005245
0.000004768
0.000005245
0.000005245
0.000004530
0.000004768
0.000005245
0.000004530
0.000004768
0.000004768
0.000004292
0.000004292
0.000004292
0.000004530
0.000005007
0.000005007
0.000004768
0.000004530
0.000004768
0.000004292
0.000004530
0.000004530
0.000005245
0.000005484
0.000004530
0.000005484
0.000005007
0.000004292
0.000004768
0.000004530
0.000004768
0.000005007
0.000004530
0.000004530
0.000004768
0.000004292
0.000004768
0.000004053
0.000005484
0.000004053
0.000003576
0.000004530
0.000004768
0.000004292
0.000004530
0.000003576
0.000004768
0.000005007
0.000004768
0.000005007
