0.000144720
0.000145912
0.000153065
0.000135899
0.000135660
0.000135660
0.000142336
0.000133991
0.000154972
0.000134706
0.000135183
0.000135183
0.000137091
0.000135660
0.000142813
0.000133991
0.000136375
0.000134230
0.000131845
0.000134230
0.000135422
0.000134945
0.000135899
0.000133276
0.000138521
0.000135183
0.000123739
0.000129938
0.000129938
0.000135422
0.000130177
0.000149250
0.000129461
0.000131130
0.000129938
0.000132084
0.000129700
0.000133991
0.000129938
0.000132084
0.000132561
0.000134230
0.000130653
0.000079870
0.000129700
0.000130653
0.000128269
0.000129938
0.000131130
0.000138998
0.000131130
0.000128269
0.000132084
0.000129700
0.000150919
0.000134706
0.000136614
0.000134706
0.000141144
0.000138521
0.000152349
0.000133991
0.000133991
0.000132799
0.000133991
0.000132561
0.000105381
0.000068903
0.000125885
0.000077248
0.000108004
0.000134945
0.000135899
0.000134706
0.000076532
0.000138044
0.000135899
0.000138760
0.000135899
0.000139952
0.000134468
0.000150919
0.000142574
0.000136137
0.000132561
0.000139236
0.000143051
0.000142813
0.000136137
0.000135422
0.000141859
0.000143051
0.000135183
0.000136614
0.000135422
0.000150442
0.000138044
0.000134468
0.000139952
0.000134945
0.000137568
0.000143766
0.000138521
0.000137568
0.000140190
0.000135183
0.000141382
0.000134706
0.000138760
0.000134945
0.000135899
0.000080109
0.000155926
0.000138521
0.000101566
0.000135660
0.000102758
0.000135422
0.000160217
0.000074863
