0.000010967
0.000012636
0.000011206
0.000012159
0.000022173
0.000011683
0.000010967
0.000011683
0.000011206
0.000011921
0.000012398
0.000010729
0.000013828
0.000010729
0.000013113
0.000011444
0.000013351
0.000009775
0.000012875
0.000011683
0.000011683
0.000012398
0.000011444
0.000019073
0.000010490
0.000010014
0.000011444
0.000012636
0.000011206
0.000012159
0.000010729
0.000012159
0.000011206
0.000014305
0.000013351
0.000011206
0.000011444
0.000011444
0.000010967
0.000011444
0.000012159
0.000010967
0.000012159
0.000011206
0.000010967
0.000011444
0.000010729
0.000012159
0.000008821
0.000011921
0.000010967
0.000011206
0.000010967
0.000011206
0.000011683
0.000010490
0.000010490
0.000010967
0.000010490
0.000011683
0.000011444
0.000011921
0.000010252
0.000011206
0.000011921
0.000010967
0.000010490
0.000010729
0.000011921
0.000011444
0.000010729
0.000010490
0.000010967
0.000011206
0.000011921
0.000011206
0.000011206
0.000010967
0.000015259
0.000010490
0.000011206
0.000011444
0.000011206
0.000010967
0.000010729
0.000010967
0.000010729
0.000011444
0.000012398
0.000011683
0.000009060
0.000011683
0.000011444
0.000010252
0.000010967
0.000010490
0.000010490
0.000010967
0.000011206
0.000010967
0.000010729
0.000010252
0.000011206
0.000011444
0.000011683
0.000010729
0.000010490
0.000010967
0.000011206
0.000010252
0.000010490
0.000010490
0.000010252
0.000010014
0.000010967
0.000010967
0.000010490
0.000011683
0.000011444
0.000011444
