0.000580311
0.000662804
0.000572920
0.000549555
0.000390768
0.000400543
0.000571966
0.000529289
0.000545502
0.000541449
0.000528336
0.000525713
0.000548840
0.000594616
0.000505686
0.000547409
0.000543594
0.000524282
0.000559568
0.000536919
0.000561476
0.000573158
0.000585318
0.000564337
0.000553131
0.000563860
0.000476360
0.000586033
0.000565767
0.000577927
0.000528574
0.000565290
0.000524998
0.000536442
0.000575304
0.000564098
0.000581741
0.000547647
0.000589132
0.000543356
0.000550985
0.000538588
0.000527620
0.000563860
0.000530481
0.000628710
0.000571251
0.000620604
0.000567436
0.000661373
0.000591993
0.000487804
0.000552416
0.000623941
0.000554800
0.000556469
0.000393152
0.000526667
0.000529766
0.000416517
0.000529051
0.000557423
0.000540257
0.000523329
0.000589132
0.000551224
0.000540495
0.000549078
0.000461817
0.000563622
0.000551462
0.000548363
0.000525713
0.000511646
0.000524282
0.000526190
0.000527859
0.000527620
0.000571489
0.000544548
0.000377417
0.000488281
0.000523329
0.000553608
0.000525475
0.000547647
0.000554323
0.000543833
0.000530005
0.000556469
0.000344276
0.000524998
0.000588179
0.000535727
0.000576973
0.000532389
0.000594139
0.000525475
0.000537157
0.000527859
0.000530481
0.000525236
0.000551939
0.000541687
0.000527382
0.000312805
0.000528812
0.000551939
0.000531673
0.000565529
0.000526667
0.000381708
0.000610590
0.000573158
0.000559092
0.000546455
0.000546455
0.000530243
0.001404285
0.000991583
