0.000003815
0.000001907
0.000002384
0.000004053
0.000003815
0.000003815
0.000002861
0.000003815
0.000003576
0.000003338
0.000004053
0.000004053
0.000003338
0.000004053
0.000003576
0.000003815
0.000002623
0.000003099
0.000003338
0.000003338
0.000003576
0.000003338
0.000003576
0.000003576
0.000003815
0.000004530
0.000003576
0.000004053
0.000003576
0.000003576
0.000003576
0.000003576
0.000003338
0.000003338
0.000004292
0.000004292
0.000004053
0.000003576
0.000003815
0.000003576
0.000003815
0.000004053
0.000004292
0.000002384
0.000003576
0.000003815
0.000003338
0.000004292
0.000003815
0.000002623
0.000003576
0.000003576
0.000004053
0.000004053
0.000003338
0.000003815
0.000002623
0.000003576
0.000003338
0.000003576
0.000004053
0.000002623
0.000003338
0.000003576
0.000003815
0.000003815
0.000002384
0.000004530
0.000004053
0.000003576
0.000003576
0.000002146
0.000004053
0.000003815
0.000003815
0.000004292
0.000002623
0.000003815
0.000003815
0.000003576
0.000003576
0.000002384
0.000003338
0.000004053
0.000003815
0.000003815
0.000003099
0.000003576
0.000005007
0.000003576
0.000004292
0.000003815
0.000003576
0.000003815
0.000003576
0.000003815
0.000003576
0.000003576
0.000004053
0.000002861
0.000002146
0.000003815
0.000003576
0.000004292
0.000003338
0.000003815
0.000003099
0.000003576
0.000002861
0.000003576
0.000004530
0.000003815
0.000004292
0.000003576
0.000003815
0.000003576
0.000003338
0.000003338
0.000003338
0.000003815
