0.000183821
0.000067234
0.000068188
0.000066996
0.000068903
0.000066996
0.000069618
0.000065088
0.000064850
0.000064611
0.000065327
0.000071049
0.000066042
0.000065088
0.000065804
0.000068188
0.000065327
0.000064135
0.000069380
0.000065088
0.000072002
0.000068188
0.000065327
0.000065327
0.000062466
0.000067711
0.000035048
0.000064373
0.000063181
0.000064135
0.000066519
0.000066519
0.000064373
0.000049829
0.000062943
0.000065327
0.000064850
0.000064373
0.000064373
0.000063419
0.000071287
0.000065327
0.000085115
0.000064135
0.000066042
0.000066519
0.000071049
0.000064850
0.000064373
0.000064373
0.000066757
0.000065565
0.000064611
0.000066757
0.000082970
0.000065327
0.000065327
0.000064135
0.000070095
0.000064850
0.000066757
0.000064611
0.000065088
0.000074863
0.000065088
0.000070095
0.000065088
0.000072002
0.000071049
0.000079870
0.000066280
0.000066280
0.000064373
0.000064850
0.000063419
0.000074387
0.000055313
0.000083923
0.000066519
0.000063419
0.000072241
0.000065088
0.000068426
0.000036955
0.000067234
0.000066757
0.000065804
0.000064850
0.000067234
0.000065088
0.000068188
0.000066280
0.000067711
0.000084162
0.000067711
0.000065088
0.000040054
0.000064611
0.000065327
0.000069618
0.000066757
0.000073910
0.000063658
0.000067234
0.000084639
0.000073910
0.000065327
0.000081539
0.000065565
0.000064850
0.000066757
0.000065565
0.000064373
0.000038385
0.000064373
0.000066042
0.000056267
0.000067949
0.000064611
0.000064135
