0.000560760
0.000475883
0.000362635
0.000378847
0.000405073
0.000385523
0.000451565
0.000426531
0.000426292
0.000420332
0.000434875
0.000411510
0.000388384
0.000377178
0.000426531
0.000417948
0.000412703
0.000411510
0.000451803
0.000406027
0.000391245
0.000428915
0.000369549
0.000378847
0.000414848
0.000432014
0.000390768
0.000401258
0.000406742
0.000390768
0.000392437
0.000417709
0.000401258
0.000386238
0.000429630
0.000391245
0.000394583
0.000415087
0.000459909
0.000390768
0.000402212
0.000433445
0.000398397
0.000307560
0.000399828
0.000413656
0.000398636
0.000380993
0.000432014
0.000423193
0.000406027
0.000391960
0.000340223
0.000364304
0.000368595
0.000387430
0.000385284
0.000391245
0.000422955
0.000391722
0.000377178
0.000433922
0.000385523
0.000378132
0.000369310
0.000411510
0.000412941
0.000378132
0.000379801
0.000365734
0.000405073
0.000410080
0.000429869
0.000408411
0.000387907
0.000415325
0.000426531
0.000392914
0.000413179
0.000397682
0.000413895
0.000426292
0.000329733
0.000421762
0.000387430
0.000419617
0.000426292
0.000385284
0.000405550
0.000418425
0.000406504
0.000414133
0.000369310
0.000416756
0.000452518
0.000398874
0.000452995
0.000485420
0.000430822
0.000441790
0.000414848
0.000433683
0.000418663
0.000430107
0.000367165
0.000447750
0.000439405
0.000422239
0.000435114
0.000453472
0.000475168
0.000440598
0.000315905
0.000427961
0.000365496
0.000452757
0.000427723
0.000449419
0.000425577
0.001271248
