0.000267506
0.000396490
0.000339746
0.000361919
0.000378609
0.000374794
0.000352383
0.000338793
0.000303745
0.000398159
0.000328064
0.000288010
0.000345707
0.000358820
0.000273705
0.000365019
0.000371218
0.000385284
0.000414133
0.000304222
0.000341654
0.000486374
0.000351191
0.000334024
0.000373602
0.000362396
0.000353098
0.000328541
0.000365496
0.000407219
0.000351429
0.000336409
0.000350952
0.000349522
0.000347376
0.000355959
0.000381708
0.000335455
0.000403404
0.000361443
0.000450373
0.000344515
0.000386238
0.000363827
0.000399351
0.000307560
0.000346184
0.000310183
0.000264406
0.000360727
0.000363350
0.000314474
0.000359774
0.000388384
0.000357628
0.000373840
0.000372887
0.000363827
0.000362158
0.000463247
0.000361681
0.000315905
0.000361681
0.000377893
0.000369549
0.000386238
0.000414848
0.000334263
0.000339031
0.000418901
0.000364780
0.000276089
0.000398397
0.000408173
0.000376225
0.000345945
0.000344992
0.000367403
0.000373363
0.000381708
0.000389338
0.000338554
0.000370502
0.000352383
0.000356674
0.000452757
0.000365257
0.000416279
0.000469685
0.000372648
0.000331163
0.000329494
0.000369072
0.000355721
0.000370264
0.000362635
0.000393629
0.000354528
0.000359535
0.000422955
0.000350714
0.000357151
0.000337124
0.000325203
0.000274181
0.000331879
0.000341892
0.000317574
0.000290632
0.000339270
0.000378370
0.000338316
0.000316381
0.000317335
0.000350237
0.000306368
0.000366211
0.000351191
0.000346184
0.001458645
