0.000413895
0.000380754
0.000391722
0.000343800
0.000386953
0.000382185
0.000362396
0.000394106
0.000439405
0.000362873
0.000327110
0.000462770
0.000343323
0.000378609
0.000363588
0.000369549
0.000364780
0.000341892
0.000413895
0.000385284
0.000457525
0.000337839
0.000412226
0.000355721
0.000372648
0.000362158
0.000380754
0.000364304
0.000385284
0.000377417
0.000265837
0.000403166
0.000387192
0.000360250
0.000364065
0.000366449
0.000365257
0.000401020
0.000368595
0.000392675
0.000354290
0.000331640
0.000374794
0.000379324
0.000380754
0.000422239
0.000429869
0.000409842
0.000368357
0.000344753
0.000340223
0.000453711
0.000408173
0.000405788
0.000377178
0.000371695
0.000374794
0.000419378
0.000391722
0.000368595
0.000374079
0.000340939
0.000396013
0.000428915
0.000370264
0.000384092
0.000387907
0.000391960
0.000369549
0.000378609
0.000372171
0.000348806
0.000403881
0.000326872
0.000368118
0.000367641
0.000361204
0.000396013
0.000365496
0.000370979
0.000371456
0.000380754
0.000421047
0.000369072
0.000375986
0.000365019
0.000384808
0.000398874
0.000365257
0.000360727
0.000382900
0.000340223
0.000393391
0.000373125
0.000366449
0.000407219
0.000386477
0.000362635
0.000377417
0.000390768
0.000354052
0.000372887
0.000404835
0.000383615
0.000387192
0.000396013
0.000319481
0.000401974
0.000396967
0.000380278
0.000469685
0.000346422
0.000337124
0.000409365
0.000376701
0.000398636
0.000383139
0.000402689
0.000391960
0.001575947
