0.007365465
0.004548550
0.004637480
0.003887892
0.004775286
0.005177021
0.004387140
0.004177332
0.004365683
0.004439831
0.004277706
0.004482508
0.004783869
0.005061865
0.003651142
0.004015684
0.004687548
0.004169703
0.003983736
0.004527569
0.004788876
0.004310369
0.004755020
0.004752636
0.004751682
0.004564285
0.004469395
0.004773140
0.004615307
0.004876852
0.004398108
0.004585266
0.004810572
0.004811287
0.004919291
0.004776239
0.004808426
0.004784346
0.004801750
0.004584789
0.004770041
0.004798889
0.004992485
0.004830360
0.004811764
0.004765034
0.004564524
0.004160881
0.004156113
0.004798174
0.004764557
0.004805565
0.004806519
0.004761696
0.004826069
0.004754305
0.004756451
0.004556656
0.004766941
0.004916906
0.004425287
0.005055666
0.003081322
0.005230427
0.004182577
0.004040003
0.004893303
0.004913568
0.004826546
0.004831553
0.004851580
0.004655600
0.004248857
0.004758358
0.005031586
0.005064964
0.004847288
0.004564285
0.004737854
0.004724741
0.005130529
0.005024910
0.004905701
0.004827261
0.004967928
0.004341602
0.004458904
0.004222870
0.004781485
0.004812241
0.004863501
0.004906416
0.003387213
0.004877567
0.004851818
0.004291296
0.003185511
0.004897594
0.004927874
0.005100250
0.004854679
0.004885912
0.003954649
0.004999161
0.004798651
0.004327774
0.004204512
0.004534960
0.004750490
0.004025698
0.004422665
0.004065275
0.004742622
0.005024433
0.004355192
0.004777193
0.003923655
0.004882574
0.004825115
0.004947186
