0.000523806
0.000324965
0.000316143
0.000346899
0.000327349
0.000305414
0.000336885
0.000406265
0.000332355
0.000335693
0.000355244
0.000310421
0.000340700
0.000353813
0.000357628
0.000359535
0.000317812
0.000351667
0.000309944
0.000352383
0.000355482
0.000340700
0.000350952
0.000349522
0.000366449
0.000327826
0.000348330
0.000330687
0.000360727
0.000271559
0.000383854
0.000376701
0.000376701
0.000358582
0.000409603
0.000342131
0.000311852
0.000328302
0.000334978
0.000316381
0.000375032
0.000360966
0.000272036
0.000246286
0.000335693
0.000376940
0.000342607
0.000254631
0.000335932
0.000350952
0.000327110
0.000342131
0.000349045
0.000314236
0.000356436
0.000288010
0.000317574
0.000290632
0.000298023
0.000313520
0.000304461
0.000285625
0.000332355
0.000362873
0.000276327
0.000355482
0.000334740
0.000374079
0.000316620
0.000366449
0.000361681
0.000410557
0.000353813
0.000422955
0.000371695
0.000294447
0.000297070
0.000368595
0.000323534
0.000356436
0.000403881
0.000394344
0.000398874
0.000307083
0.000363350
0.000409126
0.000325918
0.000282049
0.000371695
0.000366211
0.000294685
0.000350237
0.000349998
0.000360489
0.000373125
0.000334740
0.000297070
0.000359297
0.000328541
0.000359535
0.000373363
0.000363827
0.000327826
0.000368118
0.000359535
0.000359058
0.000301600
0.000371933
0.000311852
0.000277758
0.000333071
0.000300407
0.000357389
0.000371695
0.000455141
0.000279427
0.000298023
0.000269890
0.000291586
0.001618147
