0.001845837
0.001647234
0.001289368
0.001387119
0.001057863
0.001131296
0.001353264
0.001106024
0.001425505
0.001452923
0.001326799
0.001451492
0.001378775
0.001442194
0.001383543
0.001341581
0.001384735
0.001492262
0.001420021
0.001414537
0.001437902
0.001358509
0.001460314
0.001388550
0.001114130
0.001233578
0.001353979
0.001435280
0.001324415
0.001122236
0.001472473
0.001435041
0.001435041
0.001373529
0.001363277
0.001376390
0.001352072
0.001469135
0.101833820
0.001555920
0.001112461
0.001422644
0.001317024
0.001416206
0.001421452
0.102336645
0.002159834
0.001675129
0.001458883
0.001446486
0.001434803
0.001445293
0.001477957
0.001503706
0.001266479
0.001397371
0.102144003
0.001877308
0.001415730
0.001409769
0.001459122
0.001407146
0.001141310
0.203033686
0.203224421
0.102802992
0.002371073
0.001401663
0.001455307
0.001214981
0.001445770
0.001385927
0.001364231
0.001488686
0.001477957
0.001477957
0.001522064
0.001471281
0.001516581
0.001460552
0.001511574
0.001517296
0.001500607
0.001136541
0.001472712
0.001484156
0.001643896
0.001601696
0.001607418
0.001226664
0.001527786
0.001396179
0.001181841
0.001457453
0.001425743
0.001451492
0.001460552
0.001250744
0.001487255
0.001074791
0.001392841
0.001515388
0.001472235
0.001493454
0.001190424
0.001029015
0.001477242
0.001328945
0.001350880
0.001264334
0.001440763
0.001133442
0.102075577
0.001876116
0.102342844
0.002036095
0.001344442
0.001186132
0.001410246
0.002597809
