0.010848761
0.010006666
0.009603262
0.007266998
0.009344578
0.009843826
0.010086060
0.009677649
0.009899855
0.010050297
0.009948015
0.009494066
0.009975672
0.009992599
0.008218288
0.010049105
0.009930849
0.010041952
0.009960890
0.009770870
0.010141611
0.010384083
0.009492636
0.008228302
0.008963346
0.009968758
0.010012865
0.009328365
0.009530783
0.010214567
0.008476973
0.009905815
0.009963989
0.010165691
0.010267735
0.010030985
0.010036707
0.009819269
0.010034561
0.010053873
0.009390831
0.010510206
0.009633303
0.010038137
0.010242224
0.009775400
0.009708643
0.010066509
0.010166168
0.008201122
0.009476662
0.009316921
0.008694649
0.009648561
0.009656668
0.009283066
0.009340286
0.009510994
0.009750605
0.010382652
0.010270834
0.010841608
0.009919167
0.010102510
0.010781527
0.010836363
0.010058641
0.010466099
0.010342598
0.010635853
0.008964062
0.010325432
0.010037422
0.010429621
0.010369062
0.008885384
0.010267019
0.009837389
0.010005474
0.010159969
0.009974241
0.010214567
0.007812023
0.010239363
0.010103464
0.010236025
0.010205507
0.008887529
0.009968281
0.010182619
0.009994507
0.010021687
0.009877443
0.009085178
0.009965181
0.009042740
0.009549856
0.009970903
0.009418726
0.009638309
0.009478092
0.010021448
0.009953022
0.009014845
0.010024071
0.010003328
0.010227919
0.010231972
0.010190248
0.010266542
0.009978294
0.010108471
0.008405447
0.008363962
0.009510279
0.009272814
0.009004354
0.009978294
0.010023832
0.011349678
