0.000395536
0.000307083
0.000368118
0.000287533
0.000339746
0.000351667
0.000315666
0.000386000
0.000318527
0.000337124
0.000364304
0.000323057
0.000432253
0.000349283
0.000347853
0.000325918
0.000469685
0.000366211
0.000412464
0.000309229
0.000375032
0.000341415
0.000299692
0.000364542
0.000365496
0.000364542
0.000399351
0.000360250
0.000465870
0.000282526
0.000362873
0.000289202
0.000361443
0.000310659
0.000391722
0.000330687
0.000354767
0.000410557
0.000262976
0.000276804
0.000323057
0.000409603
0.000378847
0.000362158
0.000406027
0.000364304
0.000361681
0.000362396
0.000341892
0.000318766
0.000257969
0.000331163
0.000349760
0.000343084
0.000338793
0.000371695
0.000310183
0.000351429
0.000376225
0.000316143
0.000301123
0.000338554
0.000341177
0.000374556
0.000338554
0.000356436
0.000326157
0.000332117
0.000300884
0.000303268
0.000305176
0.000297070
0.000309706
0.000330448
0.000326157
0.000351667
0.000356436
0.000353336
0.000394821
0.000383854
0.000351429
0.000391483
0.000386477
0.000389338
0.000370026
0.000366688
0.000417471
0.000355959
0.000356674
0.000358105
0.000304937
0.000354528
0.000324965
0.000350475
0.000356674
0.000399590
0.000413656
0.000396967
0.000358343
0.000386477
0.000384331
0.000407934
0.000346422
0.000353813
0.000386953
0.000400305
0.000305891
0.000411272
0.000341654
0.000324488
0.000343561
0.000373363
0.000364542
0.000359297
0.000344038
0.000326872
0.000349522
0.000352383
0.000332832
0.001435280
