0.000633001
0.000659227
0.000626802
0.000579834
0.000598907
0.000659227
0.000651598
0.000563860
0.000607967
0.000673056
0.000614166
0.000621557
0.000559568
0.000605822
0.000638247
0.000604868
0.000589371
0.000470161
0.000352859
0.000500917
0.000419617
0.000613451
0.000588417
0.000565290
0.000617504
0.000605822
0.000625610
0.000525236
0.000575066
0.000636339
0.000639677
0.000612736
0.000391483
0.000491858
0.000430584
0.000415802
0.000515461
0.000473738
0.000548601
0.000489235
0.000607491
0.000597954
0.000625610
0.000624657
0.000562906
0.000607967
0.000626326
0.000607729
0.000629187
0.000573158
0.000637531
0.000636339
0.000458717
0.000638008
0.000465393
0.000672817
0.000661612
0.000645399
0.000627995
0.000594378
0.000608444
0.000619411
0.000657558
0.000610352
0.000563383
0.000622511
0.000647545
0.000532866
0.000622272
0.000644684
0.000616550
0.000617743
0.000536442
0.000630140
0.000585794
0.000613928
0.000603676
0.000515938
0.000523567
0.000364304
0.000536919
0.000502110
0.000606298
0.000670195
0.000565529
0.000623941
0.000608683
0.000607014
0.000478983
0.000671387
0.000640392
0.000636101
0.000523329
0.000632524
0.000536919
0.000517845
0.000642300
0.000643969
0.000624895
0.000656843
0.000614166
0.000632286
0.000647783
0.000662565
0.000558376
0.000653028
0.000409603
0.000598431
0.000569820
0.000584841
0.000641108
0.000664711
0.000633478
0.000628948
0.000608206
0.000634909
0.000598669
0.000566244
0.000597000
0.001857042
