0.000365019
0.000362635
0.000387669
0.000382662
0.000354767
0.000355721
0.000342369
0.000369072
0.000369072
0.000385523
0.000323534
0.000334263
0.000371218
0.000356197
0.000398159
0.000355482
0.000377417
0.000369310
0.000361681
0.000358343
0.000355482
0.000320911
0.000352621
0.000329018
0.000351906
0.000364065
0.000362635
0.000353813
0.000352621
0.000328064
0.000350714
0.000308275
0.000379086
0.000353575
0.000357151
0.000318050
0.000328779
0.000355959
0.000327587
0.000383377
0.000331640
0.000311375
0.000308990
0.000348806
0.000358582
0.000323534
0.000329018
0.000390768
0.000344515
0.000385761
0.000350237
0.000277758
0.000299454
0.000354052
0.000350952
0.000312567
0.000324249
0.000367641
0.000332832
0.000353336
0.000358105
0.000343084
0.000373602
0.000327110
0.000360250
0.000326157
0.000361204
0.000351429
0.000396729
0.000359774
0.000358820
0.000351429
0.000354290
0.000338078
0.000286818
0.000312805
0.000368834
0.000358582
0.000331402
0.000371218
0.000233650
0.000271797
0.000367403
0.000376940
0.000370741
0.000413656
0.000300407
0.000252724
0.000338793
0.000369310
0.000382185
0.000348806
0.000341654
0.000396490
0.000373602
0.000408411
0.000360727
0.000362873
0.000358343
0.000387907
0.000240326
0.000366449
0.000367880
0.000366688
0.000385284
0.000300407
0.000370979
0.000351429
0.000308037
0.000384092
0.000334740
0.000468731
0.000276566
0.000315905
0.000297546
0.000381231
0.000375748
0.000259399
0.000335693
0.001039505
