0.001177311
0.000940084
0.000907660
0.000668049
0.000694513
0.000889778
0.000774622
0.000864744
0.000690460
0.000605345
0.000713110
0.000855684
0.000884056
0.000761986
0.000825405
0.000581264
0.000848770
0.000710726
0.000697851
0.000669956
0.000788450
0.000616074
0.000597954
0.000877619
0.001129150
0.000919580
0.000924110
0.000891924
0.000887871
0.000911236
0.000895023
0.000838280
0.000933409
0.000893354
0.000782013
0.000737190
0.000890493
0.000859022
0.000884533
0.000897169
0.000822306
0.000896692
0.000863314
0.000888586
0.000884056
0.000827312
0.000663996
0.000731945
0.000730515
0.000903845
0.000875235
0.000883341
0.000662327
0.000881910
0.000841856
0.000908613
0.000931501
0.000903845
0.000879765
0.000875950
0.000874043
0.000891685
0.000840187
0.000862360
0.000894785
0.000897884
0.000886202
0.000911713
0.000933647
0.000898838
0.000790358
0.000635147
0.000540257
0.000853062
0.000714064
0.000692368
0.000587463
0.000911713
0.000756979
0.000861406
0.000862837
0.000828981
0.000915527
0.000918150
0.000684500
0.000916958
0.000886202
0.000867605
0.000622034
0.000832081
0.000926018
0.000832319
0.000639439
0.000936508
0.000712633
0.000845432
0.000835180
0.000930548
0.000830889
0.000856638
0.000704765
0.000627279
0.000614405
0.000841141
0.000576496
0.100923300
0.000583410
0.000560284
0.000833988
0.000944853
0.000788927
0.000854969
0.000854492
0.000873804
0.000627279
0.000879049
0.000698805
0.000799179
0.000805378
0.001802921
