0.000439882
0.000367165
0.000279903
0.000360727
0.000328779
0.000313044
0.000381708
0.000376940
0.000293732
0.000268459
0.000333309
0.000324488
0.000298738
0.000379801
0.000346184
0.000349998
0.000421524
0.000379562
0.000327349
0.000298738
0.000325918
0.000372171
0.000398874
0.000346184
0.000392914
0.000366449
0.000364065
0.000362635
0.000430584
0.000305653
0.000362873
0.000356436
0.000361204
0.000340223
0.000469923
0.000369787
0.000378370
0.000370502
0.000380993
0.000377178
0.000333548
0.000337124
0.000409126
0.000363350
0.000352144
0.000391960
0.000334978
0.000356197
0.000326633
0.000321150
0.000408411
0.000288486
0.000380754
0.000364065
0.000355482
0.000308990
0.000363350
0.000378132
0.000343561
0.000317335
0.000364780
0.000353813
0.000355721
0.000369310
0.000320911
0.000370264
0.000418663
0.000361443
0.000267029
0.000319719
0.000362635
0.000339508
0.000360489
0.000351191
0.000354052
0.000381470
0.000358582
0.000345230
0.000420094
0.000383615
0.000384808
0.000364065
0.000367880
0.000277281
0.000355959
0.000378132
0.000374794
0.000349522
0.000346661
0.000293493
0.000377178
0.000359774
0.000415564
0.000358820
0.000399590
0.000390291
0.000345230
0.000374556
0.000279903
0.000374079
0.000358343
0.000324249
0.000359774
0.000364780
0.000347614
0.000373125
0.000370502
0.000458717
0.000329256
0.000411034
0.000363111
0.000309467
0.000379086
0.000314713
0.000314951
0.000376940
0.000387669
0.000355005
0.000363350
0.001524925
