0.000556469
0.000483990
0.000488520
0.000510216
0.000468493
0.000434875
0.000490904
0.000484467
0.000311613
0.000512123
0.000357389
0.000517607
0.000416756
0.000491858
0.000313997
0.000356674
0.000334501
0.000488758
0.000375986
0.000284672
0.000329971
0.000415325
0.000520945
0.000467539
0.000535488
0.000514269
0.000506878
0.000558615
0.000612020
0.000490427
0.000477552
0.000510931
0.000524998
0.000540018
0.000513315
0.000465870
0.000519276
0.000525236
0.000512600
0.000555038
0.000535965
0.000447035
0.000524521
0.000519037
0.000466347
0.000491619
0.000462055
0.000332355
0.000503778
0.000471354
0.000512362
0.000521660
0.000473499
0.000495672
0.000449657
0.000441074
0.000493526
0.000528812
0.000482082
0.000506401
0.000509501
0.000374317
0.000480890
0.000498295
0.000457048
0.000550270
0.000482559
0.000502825
0.000499249
0.000480175
0.000326872
0.000375748
0.000242949
0.000372410
0.000374317
0.000521660
0.000416994
0.000530481
0.000369549
0.000491619
0.000492096
0.000395298
0.000451088
0.000472546
0.000463486
0.000496149
0.000427485
0.000479460
0.000484943
0.000495434
0.000474453
0.000496864
0.000447035
0.000523090
0.000485182
0.000550747
0.000445366
0.000519753
0.000491142
0.000495672
0.000475883
0.000467062
0.000470400
0.000534534
0.000474215
0.000478983
0.000483513
0.000486374
0.000515461
0.000479221
0.000470638
0.000383377
0.000431299
0.000455856
0.000490189
0.000479698
0.000475645
0.000489235
0.000510216
0.001703262
