0.003276110
0.002528191
0.002183437
0.002455235
0.002599478
0.002489328
0.002388954
0.002635717
0.002491474
0.002503395
0.002455473
0.002085209
0.002423048
0.002143145
0.002253771
0.001876831
0.102947474
0.002640009
0.002218962
0.002072096
0.002426624
0.002304792
0.002678633
0.001782656
0.001945972
0.002576590
0.002401352
0.002533913
0.002510548
0.002515554
0.001837969
0.002488375
0.002560377
0.002607107
0.002277136
0.002271175
0.002342939
0.002472639
0.002414942
0.002326727
0.002391338
0.002464771
0.001694441
0.002168655
0.002335310
0.002294540
0.002502680
0.002168655
0.002239704
0.002465010
0.002452374
0.002302170
0.002394915
0.002176046
0.001913309
0.002397537
0.002305508
0.001948833
0.002064228
0.001810551
0.001685619
0.002254248
0.001856089
0.001954317
0.002186537
0.002218008
0.002160072
0.002447128
0.002381563
0.002544403
0.002546787
0.002432346
0.002435684
0.002319813
0.002044439
0.002439737
0.002492189
0.002434492
0.002245426
0.002414703
0.002279043
0.002305984
0.002275229
0.002217770
0.002424479
0.002438784
0.002506018
0.002363205
0.002471685
0.002560616
0.002222300
0.002178907
0.002440453
0.002411842
0.002217770
0.002416611
0.002425909
0.002401829
0.002301216
0.002592564
0.002725363
0.002519131
0.001464844
0.002500296
0.002451420
0.002502203
0.002417326
0.002433777
0.002550125
0.002623796
0.002573252
0.002263308
0.002244234
0.002428532
0.002463102
0.002270937
0.002529144
0.002508640
0.002552032
0.003330469
