0.000447989
0.000396013
0.000352383
0.000364304
0.000324488
0.000314951
0.000366926
0.000371695
0.000363111
0.000368595
0.000317335
0.000319242
0.000346899
0.000378847
0.000324726
0.000355244
0.000339508
0.000348330
0.000376940
0.000384092
0.000379562
0.000352859
0.000331163
0.000391006
0.000357866
0.000379801
0.000365734
0.000317097
0.000298977
0.000361919
0.000327110
0.000316143
0.000359058
0.000319004
0.000354767
0.000366926
0.000347853
0.000406504
0.000357866
0.000368834
0.000371695
0.000421047
0.000363827
0.000357628
0.000365257
0.000353813
0.000403166
0.000379324
0.000366688
0.000381231
0.000338793
0.000406981
0.000294447
0.000334740
0.000342131
0.000402927
0.000409365
0.000408173
0.000352383
0.000361681
0.000360727
0.000390530
0.000340700
0.000361204
0.000323057
0.000346184
0.000348330
0.000386000
0.000361443
0.000331879
0.000375748
0.000405073
0.000347137
0.000312328
0.000349522
0.000385523
0.000386953
0.000368118
0.000354052
0.000358582
0.000343323
0.000391006
0.000381231
0.000363350
0.000352383
0.000373840
0.000346899
0.000363827
0.000389338
0.000257015
0.000370264
0.000433445
0.000388145
0.000479460
0.000372887
0.000380754
0.000403881
0.000372171
0.000351429
0.000344276
0.000386953
0.000393391
0.000335217
0.000370979
0.000353813
0.000352621
0.000371933
0.000380278
0.000355959
0.000345230
0.000338554
0.000377893
0.000342607
0.000358582
0.000316381
0.000363827
0.000373602
0.000371456
0.000365496
0.001177073
