0.000232
0.000198
0.000180
0.000200
0.000168
0.000204
0.000170
0.000182
0.000213
0.000172
0.000174
0.000168
0.000175
0.000166
0.000195
0.000180
0.000186
0.000193
0.000199
0.000192
0.000173
0.000163
0.000174
0.000164
0.000164
0.000169
0.000165
0.000176
0.000200
0.000163
0.000167
0.000165
0.000200
0.000248
0.000249
0.000133
0.000156
0.000175
0.000203
0.000170
0.000170
0.000164
0.000175
0.000211
0.000163
0.000167
0.000166
0.000164
0.000174
0.000202
0.000241
0.000200
0.000176
0.000165
0.000163
0.000167
0.000163
0.000174
0.000208
0.000164
0.000168
0.000165
0.000160
0.000163
0.000154
0.000158
0.000137
0.000152
0.000194
0.000163
0.000172
0.000163
0.000175
0.000164
0.000164
0.000167
0.000201
0.000174
0.000206
0.000180
0.000173
0.000202
0.000177
0.000164
0.000163
0.000167
0.000158
0.000182
0.000231
0.000222
0.000223
0.000202
0.000160
0.000191
0.000208
0.000209
0.000188
0.000173
0.000195
0.000195
0.000176
0.000165
0.000175
0.000162
0.000163
0.000189
0.000166
0.000175
0.000178
0.000196
0.000206
0.000206
0.000182
0.000164
0.000185
0.000170
0.000165
0.000172
0.000203
0.000165
