0.001009
0.000991
0.000678
0.000492
0.000518
0.000494
0.000482
0.000511
0.000487
0.000473
0.000505
0.000484
0.000519
0.000534
0.000530
0.000505
0.000477
0.000519
0.000479
0.000470
0.000498
0.000482
0.000511
0.000488
0.000499
0.000462
0.000528
0.000542
0.000529
0.000538
0.000509
0.000484
0.000514
0.000483
0.000532
0.000506
0.000538
0.000507
0.000514
0.000528
0.000508
0.000484
0.000517
0.000492
0.000511
0.000515
0.000482
0.000513
0.000469
0.000483
0.000334
0.000470
0.000520
0.000499
0.000534
0.000519
0.000501
0.000538
0.000512
0.000485
0.000494
0.000493
0.000516
0.000491
0.000538
0.000516
0.000541
0.000555
0.000477
0.000504
0.000448
0.000498
0.000535
0.000537
0.000503
0.000540
0.000516
0.000530
0.000515
0.000456
0.000480
0.000448
0.000489
0.000537
0.000506
0.000535
0.000507
0.000526
0.000470
0.000529
0.000519
0.000480
0.000515
0.000478
0.000534
0.000532
0.000471
0.000510
0.000611
0.000548
0.000566
0.000523
0.000530
0.000496
0.000536
0.000513
0.000537
0.000423
0.000562
0.000606
0.000572
0.000524
0.000524
0.000493
0.000568
0.000561
0.000499
0.000510
0.000399
0.000541
