0.001576
0.001398
0.001200
0.000842
0.000846
0.000812
0.000848
0.000814
0.000842
0.000818
0.000809
0.000829
0.000812
0.000832
0.000848
0.000815
0.000827
0.000810
0.000843
0.000825
0.000802
0.000825
0.000802
0.000834
0.000839
0.000811
0.000832
0.000802
0.000835
0.000814
0.000802
0.000806
0.000806
0.000834
0.000848
0.000812
0.000844
0.000817
0.000839
0.000806
0.000767
0.000827
0.000811
0.000842
0.000837
0.000831
0.000839
0.000839
0.000844
0.000807
0.000811
0.000835
0.000809
0.000833
0.000834
0.000820
0.000839
0.000805
0.000838
0.000815
0.000803
0.000831
0.000821
0.000844
0.000850
0.000811
0.000849
0.000805
0.000847
0.000810
0.000803
0.000832
0.000813
0.000824
0.000865
0.000803
0.000828
0.000693
0.000829
0.000808
0.000801
0.000817
0.000813
0.000817
0.000825
0.000804
0.000829
0.000808
0.000823
0.000808
0.000804
0.000813
0.000818
0.000812
0.000840
0.000814
0.000828
0.000807
0.000835
0.000809
0.000804
0.000823
0.000814
0.000831
0.000842
0.000801
0.000832
0.000804
0.000819
0.000813
0.000811
0.000825
0.000811
0.000830
0.000853
0.000810
0.000812
0.000833
0.000829
0.000828
