0.004976
0.005126
0.004323
0.003306
0.003296
0.003288
0.003232
0.003220
0.003195
0.003207
0.003201
0.003187
0.003227
0.003198
0.003229
0.003218
0.003221
0.003196
0.003203
0.003206
0.003169
0.003185
0.003208
0.003208
0.003219
0.003230
0.003208
0.003223
0.003216
0.003216
0.003209
0.003187
0.003224
0.003204
0.003218
0.003227
0.003185
0.003211
0.003201
0.003232
0.003215
0.003184
0.003216
0.003186
0.003218
0.003225
0.003219
0.003184
0.003241
0.003205
0.003217
0.003180
0.003215
0.003199
0.003232
0.002913
0.002864
0.002865
0.002876
0.003232
0.003213
0.003187
0.003207
0.003193
0.003225
0.003222
0.003203
0.003213
0.003205
0.003211
0.003181
0.003205
0.003224
0.003205
0.003227
0.003233
0.003223
0.003221
0.003180
0.003247
0.003214
0.003204
0.003219
0.003198
0.003219
0.003231
0.003202
0.003209
0.003187
0.003219
0.003212
0.003202
0.003216
0.003201
0.003228
0.003227
0.003205
0.003217
0.003210
0.003257
0.003211
0.003199
0.003223
0.003186
0.003227
0.003217
0.003214
0.003207
0.003191
0.003218
0.003202
0.003212
0.003219
0.003185
0.003230
0.002804
0.002800
0.002808
0.002800
0.003247
