0.000237
0.000202
0.000164
0.000165
0.000170
0.000166
0.000206
0.000212
0.000196
0.000199
0.000185
0.000132
0.000154
0.000164
0.000169
0.000139
0.000185
0.000206
0.000165
0.000170
0.000164
0.000170
0.000191
0.000170
0.000169
0.000161
0.000157
0.000201
0.000167
0.000168
0.000184
0.000172
0.000164
0.000163
0.000164
0.000162
0.000173
0.000198
0.000162
0.000195
0.000164
0.000202
0.000163
0.000163
0.000171
0.000162
0.000174
0.000186
0.000162
0.000165
0.000186
0.000177
0.000188
0.000163
0.000168
0.000164
0.000170
0.000192
0.000163
0.000167
0.000164
0.000170
0.000162
0.000160
0.000166
0.000196
0.000171
0.000199
0.000165
0.000166
0.000193
0.000211
0.000203
0.000167
0.000170
0.000163
0.000174
0.000193
0.000160
0.000165
0.000162
0.000171
0.000164
0.000161
0.000164
0.000206
0.000180
0.000206
0.000150
0.000142
0.000140
0.000178
0.000162
0.000193
0.000198
0.000163
0.000195
0.000210
0.000165
0.000186
0.000175
0.000176
0.000162
0.000162
0.000165
0.000199
0.000170
0.000188
0.000161
0.000168
0.000162
0.000197
0.000169
0.000116
0.000168
0.000162
0.000182
0.000189
0.000163
0.000172
