0.000465
0.000406
0.000350
0.000250
0.000244
0.000233
0.000295
0.000232
0.000231
0.000244
0.000282
0.000251
0.000296
0.000235
0.000242
0.000233
0.000250
0.000232
0.000228
0.000242
0.000232
0.000252
0.000278
0.000232
0.000243
0.000231
0.000363
0.000306
0.000231
0.000241
0.000244
0.000276
0.000283
0.000232
0.000251
0.000233
0.000268
0.000242
0.000239
0.000238
0.000239
0.000248
0.000275
0.000219
0.000239
0.000225
0.000238
0.000233
0.000230
0.000239
0.000230
0.000245
0.000273
0.000236
0.000244
0.000236
0.000247
0.000233
0.000231
0.000238
0.000231
0.000247
0.000274
0.000236
0.000242
0.000234
0.000245
0.000232
0.000228
0.000238
0.000232
0.000246
0.000287
0.000243
0.000245
0.000236
0.000250
0.000233
0.000229
0.000239
0.000231
0.000253
0.000280
0.000237
0.000240
0.000236
0.000246
0.000235
0.000231
0.000238
0.000233
0.000247
0.000277
0.000240
0.000243
0.000233
0.000245
0.000234
0.000231
0.000238
0.000233
0.000228
0.000289
0.000283
0.000295
0.000310
0.000280
0.000242
0.000234
0.000249
0.000236
0.000252
0.000280
0.000242
0.000282
0.000245
0.000263
0.000237
0.000234
0.000217
