0.000303
0.000196
0.000168
0.000157
0.000139
0.000149
0.000171
0.000176
0.000110
0.000167
0.000198
0.000166
0.000164
0.000173
0.000163
0.000174
0.000201
0.000164
0.000171
0.000164
0.000175
0.000164
0.000165
0.000167
0.000163
0.000185
0.000216
0.000216
0.000257
0.000222
0.000184
0.000167
0.000163
0.000170
0.000175
0.000182
0.000193
0.000202
0.000176
0.000203
0.000181
0.000166
0.000192
0.000200
0.000168
0.000178
0.000212
0.000164
0.000202
0.000168
0.000152
0.000164
0.000162
0.000167
0.000164
0.000174
0.000185
0.000163
0.000171
0.000175
0.000201
0.000164
0.000162
0.000180
0.000164
0.000176
0.000201
0.000166
0.000206
0.000205
0.000173
0.000180
0.000198
0.000174
0.000163
0.000175
0.000205
0.000165
0.000202
0.000196
0.000183
0.000198
0.000198
0.000180
0.000194
0.000187
0.000245
0.000218
0.000222
0.000244
0.000180
0.000167
0.000163
0.000167
0.000166
0.000171
0.000196
0.000165
0.000168
0.000191
0.000181
0.000167
0.000164
0.000170
0.000154
0.000125
0.000182
0.000165
0.000169
0.000170
0.000176
0.000171
0.000164
0.000167
0.000162
0.000201
0.000201
0.000180
0.000160
0.000137
