0.003022
0.003074
0.002254
0.001620
0.001629
0.001573
0.001623
0.001626
0.001549
0.001576
0.001540
0.001532
0.001515
0.001524
0.001528
0.001525
0.001520
0.001510
0.001526
0.001520
0.001524
0.001525
0.001529
0.001522
0.001521
0.001519
0.001529
0.001522
0.001503
0.001520
0.001522
0.001516
0.001524
0.001518
0.001532
0.001501
0.001528
0.001518
0.001526
0.001515
0.001524
0.001515
0.001534
0.001520
0.001517
0.001493
0.001540
0.001527
0.001528
0.001518
0.001528
0.001507
0.001523
0.001515
0.001514
0.001513
0.001528
0.001512
0.001532
0.001498
0.001520
0.001518
0.001526
0.001513
0.001508
0.001525
0.001529
0.001522
0.001493
0.001507
0.001532
0.001522
0.001526
0.001511
0.001522
0.001495
0.001531
0.001504
0.001523
0.001512
0.001510
0.001520
0.001515
0.001518
0.001522
0.001515
0.001516
0.001514
0.001552
0.001508
0.001533
0.001523
0.001550
0.001522
0.001523
0.001509
0.001535
0.001497
0.001528
0.001511
0.001511
0.001515
0.001517
0.001506
0.001525
0.001510
0.001527
0.001508
0.001515
0.001506
0.001525
0.001507
0.001509
0.001503
0.001530
0.001514
0.001534
0.001525
0.001519
0.001537
