0.000233
0.000213
0.000170
0.000181
0.000171
0.000168
0.000171
0.000167
0.000179
0.000197
0.000171
0.000150
0.000167
0.000179
0.000177
0.000167
0.000178
0.000177
0.000185
0.000203
0.000143
0.000148
0.000124
0.000159
0.000144
0.000143
0.000170
0.000158
0.000164
0.000184
0.000164
0.000165
0.000182
0.000170
0.000203
0.000224
0.000194
0.000166
0.000176
0.000197
0.000173
0.000167
0.000162
0.000211
0.000202
0.000256
0.000234
0.000218
0.000225
0.000179
0.000226
0.000225
0.000168
0.000175
0.000166
0.000165
0.000170
0.000167
0.000180
0.000189
0.000166
0.000170
0.000165
0.000171
0.000165
0.000164
0.000169
0.000167
0.000180
0.000185
0.000165
0.000170
0.000165
0.000174
0.000165
0.000165
0.000170
0.000166
0.000176
0.000204
0.000168
0.000170
0.000166
0.000172
0.000165
0.000167
0.000168
0.000167
0.000177
0.000193
0.000167
0.000170
0.000165
0.000175
0.000168
0.000166
0.000169
0.000165
0.000174
0.000196
0.000165
0.000171
0.000167
0.000176
0.000165
0.000166
0.000169
0.000165
0.000176
0.000207
0.000165
0.000171
0.000167
0.000173
0.000165
0.000166
0.000198
0.000165
0.000176
0.000199
