0.000251293
0.000200033
0.000210047
0.000231504
0.000207186
0.000240564
0.000211954
0.000226974
0.000219584
0.000170708
0.000207901
0.000171423
0.000237942
0.000225544
0.000205278
0.000213385
0.000240326
0.000308990
0.000239372
0.000233173
0.000274420
0.000232697
0.000283241
0.000268459
0.000269651
0.000231981
0.000274420
0.000288725
0.000278234
0.000233412
0.000277758
0.000232935
0.000218153
0.000306606
0.000273466
0.000284195
0.000272512
0.000269175
0.000273705
0.000233889
0.000274420
0.000275373
0.000277996
0.000259638
0.000293016
0.000274658
0.000275373
0.000269651
0.000277519
0.000209570
0.000268936
0.000276327
0.000267506
0.000275373
0.000272036
0.000275373
0.000273228
0.000230789
0.000275612
0.000219822
0.000292301
0.000270605
0.000226974
0.000274897
0.000294209
0.000302792
0.000298023
0.000218868
0.000298738
0.000278234
0.000283957
0.000277281
0.000226259
0.000222921
0.000278473
0.000281096
0.000283480
0.000296354
0.000285625
0.000283480
0.000311852
0.000283003
0.000289440
0.000281096
0.000254869
0.000239849
0.000288725
0.000294685
0.000288248
0.000292778
0.000288725
0.000273943
0.000277758
0.000283718
0.000273705
0.000273228
0.000269175
0.000275850
0.000285625
0.000268459
0.000266075
0.000238419
0.000280619
0.000226021
0.000222206
0.000241041
0.000226498
0.000207424
0.000244141
0.000229597
0.000260353
0.000203848
0.000282526
0.000271559
0.000270128
0.000273228
0.000269651
0.000272036
0.000272274
0.000221968
