0.000297785
0.000206232
0.000272751
0.000274181
0.000276089
0.000276089
0.000244617
0.000282764
0.000274420
0.000227213
0.000257254
0.000209093
0.000267029
0.000275612
0.000269890
0.000287294
0.000230551
0.000273705
0.000271082
0.000212193
0.000288486
0.000177860
0.000271320
0.000276804
0.000274181
0.000266790
0.000244379
0.000271082
0.000274420
0.000215292
0.000259876
0.000206709
0.000272989
0.000273466
0.000275850
0.000262737
0.000274658
0.000277996
0.000230312
0.000210762
0.000251293
0.000210047
0.000272274
0.000276804
0.000246525
0.000277519
0.000381947
0.000284195
0.000252724
0.000215769
0.000246763
0.000213623
0.000283003
0.000257015
0.000265121
0.000265837
0.000262499
0.000257015
0.000252485
0.000212193
0.000243664
0.000254393
0.000251770
0.000252724
0.000256777
0.000257730
0.000262976
0.000251055
0.000257015
0.000214100
0.000256300
0.000256062
0.000252008
0.000265598
0.000252724
0.000253201
0.000264883
0.000253916
0.000282526
0.000214577
0.000240564
0.000263929
0.000250101
0.000272274
0.000241041
0.000243187
0.000248432
0.000240803
0.000277758
0.000245094
0.000249624
0.000250816
0.000254869
0.000254154
0.000280380
0.000258207
0.000256300
0.000262737
0.000257015
0.000260592
0.000239611
0.000264168
0.000253439
0.000248194
0.000265598
0.000244379
0.000247002
0.000255108
0.000253916
0.000252485
0.000252247
0.000256062
0.000262022
0.000241756
0.000254154
0.000262022
0.000255108
0.000253201
0.000244856
0.000257492
