0.000226974
0.000292063
0.000249624
0.000251293
0.000244379
0.000254869
0.000259638
0.000256062
0.000251055
0.000246048
0.000250578
0.000282049
0.000250340
0.000268221
0.000246763
0.000257254
0.000257730
0.000262260
0.000256538
0.000257254
0.000249386
0.000256777
0.000286102
0.000293732
0.000283480
0.000289917
0.000287294
0.000290394
0.000252724
0.000255108
0.000236511
0.000254154
0.000253439
0.000251532
0.000253677
0.000289202
0.000291109
0.000292301
0.000294209
0.000289679
0.000239849
0.000253916
0.000282049
0.000257492
0.000257492
0.000238895
0.000264645
0.000252724
0.000256538
0.000252962
0.000252724
0.000255108
0.000252724
0.000253439
0.000261307
0.000307083
0.000290632
0.000300884
0.000254631
0.000214815
0.000257492
0.000256777
0.000285387
0.000236511
0.000256777
0.000259876
0.000285864
0.000282526
0.000226974
0.000252724
0.000230312
0.000262022
0.000245571
0.000247002
0.000256300
0.000257492
0.000251293
0.000257254
0.000237226
0.000215292
0.000258684
0.000289917
0.000262499
0.000277996
0.000254631
0.000268459
0.000255108
0.000270844
0.000275612
0.000263214
0.000274420
0.000210762
0.000244856
0.000258923
0.000254631
0.000255823
0.000257015
0.000258684
0.000267982
0.000213623
0.000280619
0.000195742
0.000231981
0.000251293
0.000262976
0.000264168
0.000250101
0.000260592
0.000268221
0.000252962
0.000260115
0.000207424
0.000247002
0.000257015
0.000281096
0.000272512
0.000278234
0.000279903
0.000280142
0.000294924
