0.002359629
0.001834869
0.001856089
0.001713037
0.001768827
0.001696348
0.001705170
0.001800060
0.001845598
0.001933575
0.001895905
0.001785755
0.001786709
0.002273321
0.002213001
0.001723289
0.001816750
0.001882076
0.001898766
0.001908541
0.001822472
0.001801968
0.001808882
0.001803160
0.001839638
0.001712561
0.002404213
0.001750469
0.001827002
0.001900911
0.002027750
0.002084970
0.002501488
0.001845837
0.001868725
0.002572298
0.001756191
0.001921892
0.001833200
0.001857519
0.001755476
0.001854181
0.001772404
0.001786709
0.001868725
0.001775026
0.001730442
0.001762152
0.001831770
0.001927853
0.001932859
0.001835585
0.001836061
0.001784801
0.001888275
0.002307653
0.001720667
0.001846313
0.001821280
0.001884460
0.001815081
0.001847982
0.001804352
0.001842022
0.002073765
0.001712084
0.001994848
0.001702070
0.001761913
0.001906872
0.001869440
0.002184868
0.001917601
0.001832485
0.001763821
0.001658440
0.001824141
0.001932859
0.001832247
0.001869917
0.001743078
0.001892805
0.001975775
0.001862526
0.001836061
0.001825571
0.001847506
0.001804113
0.001817942
0.001881123
0.001733541
0.001792908
0.001848698
0.001839638
0.001828909
0.001872063
0.001752615
0.001829863
0.002022982
0.001912594
0.001826286
0.001966476
0.001769781
0.001721859
0.001865864
0.001742363
0.001840591
0.001829386
0.001866341
0.001862764
0.001825809
0.001842976
0.001829386
0.001807213
0.001830101
0.001723051
0.001878500
0.001837254
0.001859903
0.001840830
