0.000288248
0.000313997
0.000272989
0.000228643
0.000285625
0.000245810
0.000251055
0.000247002
0.000250340
0.000236988
0.000225306
0.000279188
0.000225782
0.000246286
0.000224352
0.000209570
0.000217676
0.000232697
0.000165224
0.000208855
0.000218391
0.000212431
0.000240564
0.000239611
0.000271320
0.000247478
0.000284672
0.000294209
0.000289202
0.000288725
0.000284910
0.000277042
0.000231981
0.000257492
0.000293255
0.000286818
0.000285387
0.000221014
0.000240088
0.000305653
0.000288248
0.000286102
0.000255108
0.000239611
0.000286102
0.000278950
0.000301361
0.000290632
0.000288010
0.000282288
0.000271320
0.000280857
0.000305176
0.000283957
0.000283957
0.000284910
0.000277281
0.000297070
0.000225306
0.000275850
0.000224590
0.000293970
0.000289202
0.000281811
0.000308275
0.000292778
0.000295877
0.000297308
0.000284433
0.000229359
0.000212431
0.000262499
0.000255346
0.000287294
0.000308990
0.000287294
0.000275612
0.000281811
0.000249386
0.000289202
0.000247717
0.000277519
0.000282288
0.000242710
0.000293732
0.000277996
0.000217915
0.000176668
0.000237226
0.000302792
0.000248671
0.000286818
0.000281096
0.000291824
0.000293493
0.000278473
0.000288486
0.000339508
0.000193834
0.000282288
0.000247240
0.000286579
0.000282526
0.000231504
0.000287533
0.000287771
0.000278473
0.000267267
0.000227451
0.000283957
0.000249147
0.000288725
0.000290155
0.000231028
0.000281572
0.000278473
0.000219584
0.000204802
0.000187635
0.000249147
