0.000554323
0.000452995
0.000401735
0.000401258
0.000422001
0.000392675
0.000473022
0.000429869
0.000429153
0.000424862
0.000428915
0.000411272
0.000392675
0.000352144
0.000353575
0.000322819
0.000367880
0.000364542
0.000363827
0.000357151
0.000364304
0.000443935
0.000383615
0.000381947
0.000464678
0.000420332
0.000456572
0.000459433
0.000437498
0.000414371
0.000416040
0.000433207
0.000451803
0.000389338
0.000494957
0.000438690
0.000445366
0.000391960
0.000467777
0.000455618
0.000492811
0.000428200
0.000427246
0.000392914
0.000450373
0.000441790
0.000459433
0.000459909
0.000457287
0.000455379
0.000521183
0.000466347
0.000419140
0.000428200
0.000408173
0.000407934
0.000551224
0.000437260
0.000439882
0.000442028
0.000365734
0.000462055
0.000404596
0.000403166
0.000428915
0.000412226
0.000445127
0.000432730
0.000436068
0.000441313
0.000425577
0.000474215
0.000451803
0.000442743
0.000534296
0.000411272
0.000459433
0.000439644
0.000484467
0.000454426
0.000540495
0.000412464
0.000356674
0.000345230
0.000363350
0.000395298
0.000410318
0.000364065
0.000379324
0.000401735
0.000392199
0.000437021
0.000399113
0.000356913
0.000398397
0.000394821
0.000419617
0.000401258
0.000396729
0.000377178
0.000381470
0.000411272
0.000414848
0.000351191
0.000375748
0.000401258
0.000428677
0.000405073
0.000379086
0.000398397
0.000395060
0.000428915
0.000400305
0.000407457
0.000364065
0.000391960
0.000429153
0.000417471
0.000397682
0.000403643
