0.001219273
0.001138449
0.000950575
0.000948906
0.000996590
0.000979424
0.000990868
0.000916958
0.000974894
0.000948191
0.000932932
0.000961065
0.001038313
0.001014948
0.000923395
0.000968695
0.001024723
0.000971079
0.000978708
0.000966072
0.000967503
0.001016617
0.001006365
0.001096487
0.000925303
0.001007557
0.001040697
0.001078129
0.001058817
0.001142025
0.001037359
0.001078129
0.001076221
0.001085520
0.001039505
0.001002312
0.001022100
0.001106739
0.001004696
0.001065969
0.000966072
0.001021862
0.000932693
0.001075268
0.001095533
0.001013756
0.001046896
0.001083851
0.001108646
0.001061916
0.001051426
0.001153469
0.001066923
0.001146555
0.001251459
0.001130342
0.001091003
0.001213074
0.001152515
0.001154661
0.001099110
0.001220703
0.001070976
0.001163006
0.001038790
0.001066685
0.001150846
0.001227140
0.001071692
0.001076698
0.001228571
0.001174212
0.001067400
0.001280785
0.001191854
0.001052856
0.001086712
0.001138449
0.001009703
0.001008272
0.001056433
0.001204491
0.001197338
0.001075029
0.001026154
0.001148224
0.001246929
0.001121283
0.001194000
0.001235247
0.001156807
0.001441240
0.001179218
0.001210213
0.001122952
0.001237392
0.001283169
0.001236677
0.001273870
0.001205921
0.001326323
0.001002550
0.000969648
0.001210213
0.001077890
0.000979900
0.000968933
0.001214981
0.000921965
0.000977039
0.000966549
0.000985861
0.000958204
0.000933409
0.001121521
0.000975370
0.000955820
0.000932217
0.000979185
0.000965834
