0.000376701
0.000226259
0.000267744
0.000255108
0.000272274
0.000277042
0.000272751
0.000268459
0.000213861
0.000258207
0.000260353
0.000269651
0.000263453
0.000259399
0.000267744
0.000262976
0.000274420
0.000263214
0.000198126
0.000278711
0.000230789
0.000271797
0.000271082
0.000272274
0.000268698
0.000254869
0.000274897
0.000269413
0.000251055
0.000275135
0.000250578
0.000268698
0.000271082
0.000275612
0.000272989
0.000261307
0.000273466
0.000272512
0.000278234
0.000267267
0.000250578
0.000275850
0.000272036
0.000276566
0.000271320
0.000273943
0.000249863
0.000268459
0.000263214
0.000272989
0.000272274
0.000252008
0.000272036
0.000251770
0.000272989
0.000269413
0.000274420
0.000271320
0.000243664
0.000264168
0.000270605
0.000276327
0.000275373
0.000279188
0.000283241
0.000243902
0.000241995
0.000240564
0.000267506
0.000270844
0.000272751
0.000285149
0.000271320
0.000244617
0.000266314
0.000271797
0.000264645
0.000271320
0.000248432
0.000271320
0.000270605
0.000283480
0.000265121
0.000250578
0.000279665
0.000274181
0.000285864
0.000267029
0.000277996
0.000304222
0.000273228
0.000269651
0.000272274
0.000278950
0.000277758
0.000272751
0.000273228
0.000269175
0.000278711
0.000268936
0.000272751
0.000270128
0.000273228
0.000276804
0.000271320
0.000272751
0.000268698
0.000257492
0.000278234
0.000273705
0.000273228
0.000273943
0.000272751
0.000264883
0.000275373
0.000275850
0.000315428
0.000249863
0.000261068
0.000277758
