0.000452757
0.000354528
0.000314713
0.000327826
0.000337601
0.000356674
0.000365973
0.000356913
0.000372410
0.000377655
0.000324965
0.000349522
0.000332355
0.000339985
0.000300407
0.000388145
0.000431299
0.000392199
0.000417233
0.000411034
0.000402212
0.000407696
0.000360727
0.000414371
0.000377893
0.000390530
0.000356674
0.000382662
0.000425816
0.000355482
0.000350714
0.000337362
0.000364780
0.000324011
0.000310421
0.000363827
0.000367641
0.000366211
0.000365734
0.000402689
0.000365734
0.000331640
0.000382423
0.000419855
0.000272989
0.000347376
0.000328779
0.000352144
0.000348330
0.000356913
0.000366926
0.000278950
0.000326157
0.000322580
0.000361919
0.000339031
0.000328779
0.000312090
0.000337124
0.000340939
0.000360966
0.000304222
0.000278950
0.000284910
0.000312567
0.000335455
0.000329971
0.000330925
0.000325441
0.000358343
0.000319242
0.000272274
0.000293255
0.000282764
0.000312090
0.000294447
0.000318289
0.000307322
0.000298023
0.000319719
0.000351191
0.000361681
0.000323057
0.000337601
0.000333071
0.000368357
0.000350714
0.000389814
0.000340462
0.000379562
0.000398874
0.000286579
0.000341654
0.000291348
0.000315189
0.000323772
0.000321388
0.000280619
0.000295877
0.000278950
0.000336885
0.000312090
0.000297785
0.000317335
0.000305653
0.000297785
0.000311375
0.000329494
0.000309229
0.000301838
0.000368595
0.000349522
0.000331640
0.000381708
0.000345707
0.000373363
0.000362158
0.000358105
0.000379562
0.000374556
