0.000360012
0.000305414
0.000328541
0.000307560
0.000317812
0.000319004
0.000330687
0.000301361
0.000346422
0.000326157
0.000316143
0.000284433
0.000316620
0.000319481
0.000336409
0.000305414
0.000305891
0.000294685
0.000325441
0.000312090
0.000344276
0.000310421
0.000322580
0.000309467
0.000315666
0.000307083
0.000339985
0.000307560
0.000321627
0.000312805
0.000319481
0.000321150
0.000321388
0.000283480
0.000246525
0.000240326
0.000247240
0.000246525
0.000297070
0.000281096
0.000268221
0.000278473
0.000254393
0.000244141
0.000251055
0.000277281
0.000269890
0.000290632
0.000248194
0.000256538
0.000256062
0.000245571
0.000243425
0.000251055
0.000280142
0.000270367
0.000285387
0.000278473
0.000269175
0.000281811
0.000267982
0.000277519
0.000249624
0.000275850
0.000247240
0.000286102
0.000272989
0.000260592
0.000285864
0.000283957
0.000278473
0.000270128
0.000376940
0.000272751
0.000246525
0.000245333
0.000280619
0.000268459
0.000287056
0.000293732
0.000288248
0.000267744
0.000236034
0.000241995
0.000274658
0.000296116
0.000282049
0.000246763
0.000303984
0.000254154
0.000243664
0.000228167
0.000253677
0.000252247
0.000286579
0.000298262
0.000291586
0.000315905
0.000278234
0.000327349
0.000283480
0.000273228
0.000264645
0.000253916
0.000277519
0.000260353
0.000272274
0.000272274
0.000273943
0.000363588
0.000259638
0.000299215
0.000288248
0.000329494
0.000298977
0.000260115
0.000306845
0.000297785
0.000300407
0.000371218
