0.004438162
0.003737211
0.004285097
0.003700972
0.003721714
0.003852367
0.003610134
0.003653049
0.003671169
0.003633261
0.003881693
0.003701210
0.004243374
0.003824711
0.003816366
0.003726721
0.003407240
0.003447294
0.003683329
0.003621817
0.004488707
0.003687859
0.003654480
0.003580332
0.003579855
0.003695965
0.003615618
0.003645182
0.003781557
0.003722668
0.003750563
0.003769875
0.003700256
0.003761530
0.003778219
0.003577232
0.003508806
0.003773689
0.003725529
0.004141569
0.004537821
0.005021811
0.003542900
0.004078150
0.004000664
0.003880501
0.004728556
0.005281687
0.004594326
0.004512310
0.004156590
0.004538059
0.004478931
0.004235029
0.004564047
0.004537106
0.004230499
0.004144907
0.003943443
0.004341125
0.004005909
0.003749847
0.003663778
0.004178286
0.004532814
0.003928423
0.003676176
0.004172325
0.003840923
0.004984379
0.003857136
0.003621578
0.003943205
0.003743410
0.003399134
0.003995419
0.003612041
0.003634691
0.003644943
0.003572941
0.003913641
0.003738880
0.003892422
0.003535509
0.003507853
0.003616333
0.003885746
0.003899813
0.003896952
0.003750324
0.003785849
0.003854275
0.003861189
0.003774643
0.003484488
0.003948212
0.003871918
0.003873825
0.003897429
0.004433632
0.004002333
0.004177332
0.004464388
0.004078388
0.004133940
0.004284382
0.004302263
0.004364252
0.004325390
0.004260302
0.003905535
0.004270315
0.004561663
0.004496336
0.003487349
0.003904104
0.003849268
0.003825665
0.003775597
0.003824472
