0.000319958
0.000275373
0.000247240
0.000281096
0.000281334
0.000295639
0.000284195
0.000278473
0.000288010
0.000287771
0.000289679
0.000304461
0.000251532
0.000291824
0.000288010
0.000265121
0.000284910
0.000265360
0.000269413
0.000246048
0.000263453
0.000257015
0.000289440
0.000296593
0.000268459
0.000252485
0.000302553
0.000267506
0.000231981
0.000225306
0.000187874
0.000292301
0.000227451
0.000286579
0.000310898
0.000327110
0.000303268
0.000303030
0.000305891
0.000247240
0.000231266
0.000282526
0.000277996
0.000274420
0.000283957
0.000273228
0.000283241
0.000278950
0.000284910
0.000283241
0.000236750
0.000277042
0.000233889
0.000300407
0.000284195
0.000301838
0.000298262
0.000278473
0.000281334
0.000255346
0.000241518
0.000312328
0.000254869
0.000274420
0.000284672
0.000276804
0.000296354
0.000312805
0.000336409
0.000308752
0.000240564
0.000276327
0.000237942
0.000276089
0.000281572
0.000282049
0.000246048
0.000273466
0.000308514
0.000253677
0.000239372
0.000292063
0.000238180
0.000273943
0.000286579
0.000292778
0.000281811
0.000284672
0.000286818
0.000300169
0.000237703
0.000280142
0.000240564
0.000278950
0.000284672
0.000279188
0.000281572
0.000281811
0.000285864
0.000257015
0.000241995
0.000286102
0.000220776
0.000277996
0.000293732
0.000279188
0.000277758
0.000251055
0.000280619
0.000348330
0.000239134
0.000274420
0.000240088
0.000271320
0.000255823
0.000265121
0.000282526
0.000277281
0.000307083
0.000318050
