0.000653982
0.000593424
0.000673294
0.000669479
0.000632763
0.000598192
0.000596046
0.000649452
0.000637531
0.000594139
0.000602722
0.000576496
0.000593662
0.000596762
0.000609159
0.000591755
0.000639915
0.000589609
0.000616074
0.000597000
0.000675201
0.000550508
0.000521421
0.000572443
0.000634432
0.000566244
0.000592947
0.000582457
0.000593901
0.000710011
0.000677109
0.000581741
0.000688076
0.000731707
0.000579596
0.000587463
0.000597000
0.000583887
0.000620842
0.000883818
0.000633717
0.000581980
0.000582218
0.000766277
0.000713825
0.000732899
0.000620842
0.000594139
0.000572681
0.000619888
0.000618935
0.000576019
0.000569820
0.000600815
0.000591516
0.000580549
0.000569820
0.000575066
0.000608444
0.000599623
0.000571012
0.000620604
0.000602245
0.000568628
0.000559092
0.000564575
0.000671625
0.000553370
0.000604391
0.000575304
0.000592232
0.000550985
0.000594139
0.000606298
0.000576496
0.000588894
0.000633001
0.000597000
0.000602484
0.000569344
0.000620365
0.000609875
0.000572443
0.000551701
0.000546217
0.000608206
0.000597954
0.000598669
0.000594378
0.000633240
0.000554562
0.000548363
0.000558376
0.000594854
0.000552416
0.000543356
0.000607491
0.000582218
0.000642538
0.000590324
0.000588179
0.000597000
0.000586987
0.000650644
0.000561953
0.000566721
0.000593185
0.000595570
0.000580788
0.000634193
0.000595093
0.000673056
0.000602722
0.000610352
0.000639200
0.000563860
0.000609398
0.000645399
0.000599384
0.000637054
