0.010721207
0.010293961
0.009444475
0.009199381
0.008428574
0.007794380
0.007606506
0.007572412
0.007748842
0.007724047
0.008883238
0.007850647
0.007878065
0.007867336
0.008291483
0.007552862
0.007403374
0.007421255
0.007704496
0.008073807
0.007764578
0.009413004
0.007812262
0.007696390
0.007492065
0.007366896
0.009084940
0.007351875
0.007707834
0.007435560
0.007681608
0.007698774
0.008206844
0.007942438
0.007779837
0.008417130
0.007305384
0.007848024
0.007854939
0.008093119
0.007865667
0.008865595
0.007772923
0.007910728
0.007717133
0.007445574
0.007833242
0.008326292
0.007832527
0.007971525
0.007792711
0.007759809
0.007720709
0.007787466
0.007873535
0.007374763
0.007309198
0.007790565
0.007798195
0.007361650
0.007744789
0.007840157
0.007778168
0.007748365
0.007445335
0.007386684
0.007735729
0.007781029
0.007732391
0.008054256
0.007775307
0.007499695
0.007685423
0.007727623
0.007886648
0.007722855
0.007683277
0.007785082
0.007647276
0.008048058
0.007679462
0.007804155
0.007732391
0.007720232
0.007940531
0.007969141
0.007697344
0.007916927
0.007729769
0.007987499
0.008160830
0.007885933
0.007848740
0.007727146
0.007951498
0.007701635
0.007723331
0.008067608
0.007671356
0.008024454
0.007680416
0.008203745
0.007872581
0.007707596
0.007878780
0.007721186
0.007688999
0.008104801
0.008128166
0.008038759
0.007751226
0.008255005
0.007920265
0.007766724
0.007902861
0.007729769
0.008054495
0.007738113
0.008120775
0.006927729
