0.001026
0.000800
0.000802
0.000777
0.000795
0.000766
0.000760
0.000791
0.000780
0.000817
0.000507
0.000566
0.000834
0.000793
0.000768
0.000814
0.000772
0.000786
0.000806
0.000813
0.000812
0.000792
0.000778
0.000766
0.000800
0.000810
0.000776
0.000793
0.000778
0.000812
0.000800
0.000807
0.000785
0.000803
0.000775
0.000821
0.000758
0.000792
0.000629
0.000538
0.000612
0.000792
0.000751
0.000743
0.000755
0.000504
0.000767
0.000756
0.000786
0.000826
0.000741
0.000780
0.000773
0.000773
0.000763
0.000764
0.000760
0.000513
0.000789
0.000804
0.000738
0.000753
0.000553
0.000663
0.001024
0.000794
0.000785
0.000757
0.000766
0.000807
0.000772
0.000776
0.000504
0.000793
0.000753
0.000785
0.000762
0.000765
0.000759
0.000799
0.000736
0.000778
0.000739
0.000782
0.000742
0.000518
0.000759
0.000780
0.000752
0.000797
0.000761
0.000786
0.000764
0.000783
0.000757
0.000586
0.000505
0.000787
0.000757
0.000788
0.000888
0.000806
0.000769
0.000783
0.000776
0.000856
0.000778
0.000773
0.000778
0.000805
0.000765
0.000789
0.000794
0.000772
0.000771
0.000782
0.000760
0.000762
0.000812
0.000777
