0.000376
0.000324
0.000328
0.000343
0.000341
0.000327
0.000311
0.000343
0.000384
0.000342
0.000307
0.000308
0.000339
0.000370
0.000353
0.000313
0.000348
0.000241
0.000258
0.000314
0.000315
0.000307
0.000286
0.000292
0.000316
0.000310
0.000314
0.000283
0.000277
0.000306
0.000279
0.000292
0.000279
0.000306
0.000285
0.000292
0.000313
0.000291
0.000289
0.000310
0.000287
0.000311
0.000309
0.000281
0.000299
0.000296
0.000313
0.000283
0.000282
0.000305
0.000278
0.000314
0.000285
0.000299
0.000297
0.000295
0.000391
0.000291
0.000289
0.000304
0.000286
0.000297
0.000290
0.000285
0.000288
0.000293
0.000309
0.000284
0.000273
0.000304
0.000281
0.000292
0.000278
0.000289
0.000278
0.000306
0.000288
0.000358
0.000286
0.000315
0.000282
0.000277
0.000284
0.000282
0.000294
0.000315
0.000288
0.000288
0.000295
0.000305
0.000283
0.000309
0.000327
0.000288
0.000359
0.000296
0.000242
0.000309
0.000279
0.000304
0.000277
0.000292
0.000272
0.000273
0.000315
0.000269
0.000289
0.000280
0.000297
0.000307
0.000282
0.000248
0.000325
0.000282
0.000286
0.000282
0.000288
0.000316
0.000282
0.000315
