0.000476
0.000432
0.000359
0.000385
0.000357
0.000408
0.000366
0.000358
0.000377
0.000386
0.000410
0.000384
0.000377
0.000370
0.000373
0.000360
0.000371
0.000366
0.000393
0.000381
0.000360
0.000373
0.000359
0.000413
0.000365
0.000379
0.000360
0.000368
0.000397
0.000389
0.000362
0.000357
0.000388
0.000416
0.000369
0.000372
0.000379
0.000372
0.000380
0.000388
0.000371
0.000369
0.000360
0.000373
0.000363
0.000280
0.000400
0.000383
0.000359
0.000395
0.000290
0.000374
0.000355
0.000396
0.000372
0.000276
0.000386
0.000365
0.000382
0.000368
0.000389
0.000396
0.000398
0.000372
0.000386
0.000373
0.000356
0.000364
0.000398
0.000380
0.000351
0.000368
0.000370
0.000449
0.000395
0.000365
0.000380
0.000356
0.000375
0.000385
0.000361
0.000360
0.000372
0.000427
0.000386
0.000375
0.000373
0.000364
0.000417
0.000390
0.000352
0.000363
0.000359
0.000405
0.000396
0.000361
0.000368
0.000370
0.000433
0.000387
0.000375
0.000356
0.000368
0.000283
0.000392
0.000364
0.000371
0.000374
0.000365
0.000396
0.000384
0.000394
0.000359
0.000375
0.000359
0.000286
0.000387
0.000373
0.000368
0.000392
