0.003214
0.004935
0.004611
0.004641
0.004502
0.002777
0.004496
0.004666
0.004526
0.004668
0.004503
0.002776
0.004493
0.004677
0.004505
0.004662
0.004498
0.003230
0.004524
0.004710
0.004503
0.004676
0.004531
0.004710
0.004500
0.004757
0.004551
0.002412
0.004549
0.004691
0.004546
0.004732
0.004577
0.004705
0.004519
0.004684
0.004542
0.005112
0.004522
0.004680
0.004530
0.004706
0.004592
0.004669
0.004518
0.004780
0.004538
0.004729
0.004562
0.004692
0.004541
0.004662
0.004552
0.004676
0.004554
0.004681
0.004530
0.004679
0.004537
0.004663
0.004516
0.004676
0.004508
0.004683
0.004536
0.004710
0.004507
0.004691
0.004105
0.004721
0.004524
0.004731
0.004551
0.004743
0.004737
0.005004
0.004635
0.004819
0.004669
0.004812
0.003083
0.004853
0.004591
0.004714
0.004557
0.004754
0.004556
0.004737
0.004558
0.004710
0.002392
0.004724
0.004580
0.004752
0.004539
0.004698
0.004531
0.004723
0.004544
0.004748
0.004528
0.004376
0.004541
0.004765
0.004550
0.004735
0.004536
0.004660
0.004535
0.004651
0.004553
0.004714
0.004542
0.004710
0.004645
0.004684
0.002786
0.004735
0.004585
0.004709
