0.000314
0.000233
0.000212
0.000214
0.000208
0.000217
0.000205
0.000204
0.000208
0.000175
0.000226
0.000258
0.000213
0.000222
0.000237
0.000216
0.000206
0.000201
0.000278
0.000247
0.000207
0.000258
0.000238
0.000242
0.000237
0.000250
0.000244
0.000242
0.000254
0.000245
0.000208
0.000233
0.000199
0.000204
0.000202
0.000211
0.000199
0.000198
0.000204
0.000199
0.000211
0.000227
0.000201
0.000204
0.000200
0.000207
0.000233
0.000202
0.000207
0.000200
0.000211
0.000248
0.000203
0.000205
0.000201
0.000212
0.000201
0.000198
0.000206
0.000199
0.000211
0.000229
0.000201
0.000206
0.000201
0.000210
0.000201
0.000200
0.000203
0.000199
0.000209
0.000232
0.000202
0.000204
0.000200
0.000207
0.000201
0.000199
0.000202
0.000199
0.000207
0.000244
0.000205
0.000220
0.000203
0.000212
0.000200
0.000198
0.000203
0.000199
0.000252
0.000242
0.000200
0.000214
0.000201
0.000208
0.000222
0.000201
0.000211
0.000200
0.000209
0.000244
0.000206
0.000236
0.000199
0.000216
0.000200
0.000198
0.000203
0.000188
0.000210
0.000252
0.000206
0.000205
0.000204
0.000210
0.000201
0.000207
0.000213
0.000207
