0.000252
0.000333
0.000285
0.000244
0.000240
0.000193
0.000182
0.000183
0.000166
0.000194
0.000200
0.000219
0.000183
0.000188
0.000196
0.000193
0.000180
0.000179
0.000184
0.000181
0.000190
0.000222
0.000231
0.000128
0.000124
0.000185
0.000187
0.000204
0.000184
0.000181
0.000187
0.000231
0.000220
0.000179
0.000215
0.000195
0.000182
0.000179
0.000184
0.000181
0.000217
0.000227
0.000187
0.000190
0.000215
0.000195
0.000188
0.000178
0.000205
0.000186
0.000215
0.000207
0.000183
0.000213
0.000183
0.000234
0.000190
0.000210
0.000190
0.000191
0.000192
0.000228
0.000181
0.000185
0.000206
0.000249
0.000183
0.000221
0.000191
0.000219
0.000196
0.000216
0.000208
0.000186
0.000181
0.000188
0.000179
0.000226
0.000224
0.000242
0.000205
0.000203
0.000181
0.000188
0.000159
0.000191
0.000207
0.000203
0.000193
0.000182
0.000206
0.000226
0.000211
0.000192
0.000184
0.000191
0.000180
0.000181
0.000182
0.000181
0.000189
0.000205
0.000194
0.000184
0.000179
0.000187
0.000200
0.000195
0.000183
0.000181
0.000192
0.000196
0.000180
0.000187
0.000200
0.000192
0.000179
0.000179
0.000180
0.000208
