0.000713
0.000619
0.000494
0.000364
0.000324
0.000345
0.000371
0.000382
0.000332
0.000304
0.000360
0.000383
0.000385
0.000384
0.000299
0.000386
0.000383
0.000375
0.000410
0.000386
0.000350
0.000366
0.000354
0.000350
0.000350
0.000355
0.000358
0.000339
0.000318
0.000274
0.000335
0.000358
0.000335
0.000381
0.000379
0.000378
0.000381
0.000363
0.000329
0.000370
0.000271
0.000368
0.000350
0.000409
0.000358
0.000365
0.000356
0.000343
0.000325
0.000309
0.000342
0.000373
0.000384
0.000385
0.000343
0.000360
0.000344
0.000340
0.000327
0.000296
0.000357
0.000374
0.000368
0.000380
0.000320
0.000329
0.000344
0.000336
0.000323
0.000296
0.000318
0.000329
0.000330
0.000380
0.000344
0.000327
0.000334
0.000273
0.000353
0.000251
0.000314
0.000349
0.000340
0.000348
0.000333
0.000332
0.000349
0.000304
0.000375
0.000298
0.000359
0.000351
0.000372
0.000374
0.000351
0.000314
0.000338
0.000322
0.000362
0.000241
0.000340
0.000372
0.000342
0.000371
0.000304
0.000315
0.000354
0.000319
0.000396
0.000360
0.000326
0.000333
0.000332
0.000360
0.000309
0.000366
0.000338
0.000320
0.000343
0.000339
