0.002822
0.002812
0.002534
0.002634
0.002568
0.002648
0.002540
0.002712
0.002531
0.002739
0.002552
0.002624
0.002548
0.002588
0.002578
0.002654
0.002560
0.002620
0.002530
0.001810
0.002624
0.002602
0.002539
0.002589
0.001675
0.001613
0.002517
0.002606
0.002519
0.002608
0.002520
0.002611
0.002516
0.002710
0.002528
0.002653
0.002520
0.002609
0.002525
0.002448
0.002500
0.002352
0.002477
0.002534
0.002210
0.002573
0.002485
0.002581
0.002497
0.002564
0.002335
0.002572
0.002498
0.002572
0.002498
0.002433
0.002536
0.002646
0.002325
0.002638
0.002484
0.002599
0.002551
0.002580
0.002516
0.002582
0.002505
0.002715
0.002534
0.002608
0.002594
0.002602
0.002688
0.002588
0.002560
0.002588
0.002501
0.002599
0.002507
0.002388
0.002535
0.002598
0.002510
0.002590
0.002488
0.002701
0.002520
0.002621
0.002530
0.002605
0.002555
0.002594
0.002541
0.002632
0.002542
0.002605
0.002642
0.002660
0.002543
0.002638
0.002519
0.002618
0.002579
0.002617
0.002530
0.002620
0.002531
0.002635
0.002276
0.002676
0.002518
0.002604
0.001379
0.002645
0.002558
0.002610
0.002536
0.002631
0.002512
0.001680
